   0/99998     4.58G    0.1229   0.06469         0    0.1876      1042       640  0.001313   0.02435  5.12e-05 9.118e-06    0.1209   0.06099         0
   1/99998     9.39G    0.1178   0.06241         0    0.1802      1372       640    0.1043   0.09184   0.03009  0.007598    0.1095   0.05642         0
   2/99998     8.95G    0.1028   0.05952         0    0.1623      1160       640    0.2687    0.2096     0.116   0.03123   0.09572   0.05623         0
   3/99998     8.95G   0.09514   0.05719         0    0.1523      1014       640     0.431    0.2613    0.2095   0.06814   0.08844   0.05204         0
   4/99998     8.95G    0.0904   0.05561         0     0.146      1355       640    0.5605    0.3091    0.3103    0.1054   0.08411   0.04905         0
   5/99998     8.95G   0.08679   0.05387         0    0.1407      1080       640    0.6259    0.3377    0.3562    0.1284   0.08155   0.04979         0
   6/99998     8.95G   0.08268   0.05426         0    0.1369      1472       640      0.67    0.3766     0.406    0.1518   0.07747    0.0486         0
   7/99998     8.95G   0.07942    0.0532         0    0.1326      1659       640    0.6529     0.381     0.408     0.151   0.07725   0.04904         0
   8/99998     8.95G   0.07736   0.05282         0    0.1302      1158       640     0.707    0.4238    0.4585    0.1868   0.07387    0.0465         0
   9/99998     8.95G   0.07512   0.05141         0    0.1265      1059       640    0.7231    0.4334    0.4764    0.2092   0.07137   0.04673         0
  10/99998     8.95G   0.07462   0.05166         0    0.1263      1466       640    0.7588     0.457     0.506    0.2256   0.06997   0.04425         0
  11/99998     8.95G   0.07285   0.05112         0     0.124       804       640    0.7535    0.4573    0.5016    0.2256      0.07    0.0451         0
  12/99998     8.95G   0.07212   0.05095         0    0.1231      1207       640     0.772     0.465     0.514    0.2326   0.06861   0.04422         0
  13/99998     8.95G   0.07183   0.05048         0    0.1223      1431       640     0.791    0.4766    0.5285    0.2454   0.06744   0.04527         0
  14/99998     8.95G   0.07076    0.0502         0     0.121      1471       640    0.7811    0.4891    0.5382    0.2494   0.06683   0.04405         0
  15/99998     8.95G   0.07037   0.04923         0    0.1196      1797       640    0.7789    0.4947    0.5426    0.2533   0.06651   0.04436         0
  16/99998     8.95G   0.07046   0.04992         0    0.1204       952       640    0.7937    0.4933    0.5429    0.2566   0.06617   0.04503         0
  17/99998     8.95G   0.06939    0.0493         0    0.1187       866       640     0.775    0.5052     0.549    0.2622    0.0657   0.04486         0
  18/99998     8.95G   0.06899   0.05012         0    0.1191      1369       640     0.794    0.5038    0.5563    0.2644   0.06547   0.04361         0
  19/99998     8.95G   0.06925   0.04976         0     0.119       677       640    0.8081    0.4979    0.5525    0.2606   0.06535   0.04318         0
  20/99998     8.95G    0.0683   0.04895         0    0.1172      1204       640    0.7947    0.5182    0.5696    0.2726    0.0644   0.04278         0
  21/99998     8.95G   0.06854   0.04919         0    0.1177      1377       640    0.7865    0.5264    0.5732    0.2754   0.06417   0.04461         0
  22/99998     8.95G   0.06794   0.04812         0    0.1161      1423       640    0.8078    0.5287    0.5807     0.279   0.06397   0.04269         0
  23/99998     8.95G    0.0671   0.04847         0    0.1156      1190       640    0.7877    0.5315     0.577    0.2797   0.06364    0.0433         0
  24/99998     8.96G   0.06783   0.04841         0    0.1162      1539       640    0.8184    0.5205    0.5778    0.2778   0.06386   0.04262         0
  25/99998     8.96G   0.06812   0.04884         0     0.117      1667       640    0.8071    0.5317    0.5845    0.2824   0.06326   0.04252         0
  26/99998     8.96G    0.0675   0.04949         0     0.117      1781       640     0.794    0.5346    0.5794    0.2805   0.06317   0.04289         0
  27/99998     8.96G   0.06748    0.0485         0     0.116      1756       640     0.826     0.534     0.592    0.2882    0.0628     0.042         0
  28/99998     8.96G   0.06627   0.04882         0    0.1151       992       640    0.8187    0.5342    0.5903    0.2854   0.06288   0.04239         0
  29/99998     8.96G   0.06681   0.04815         0     0.115      1534       640    0.8211    0.5345     0.592    0.2884   0.06275   0.04251         0
  30/99998     8.96G    0.0667   0.04843         0    0.1151      1056       640    0.8084    0.5404    0.5905    0.2872   0.06267   0.04311         0
  31/99998     8.96G   0.06643   0.04869         0    0.1151      1319       640    0.8089    0.5433      0.59    0.2865   0.06266   0.04282         0
  32/99998     8.96G   0.06595   0.04814         0    0.1141      1069       640    0.8172    0.5523    0.6057     0.298   0.06202   0.04267         0
  33/99998     8.96G   0.06641   0.04864         0    0.1151      1115       640    0.8162    0.5488    0.6012    0.2943   0.06221   0.04184         0
  34/99998     8.96G   0.06587   0.04785         0    0.1137      1675       640    0.8138    0.5561    0.6055    0.2966   0.06186   0.04196         0
  35/99998     8.96G   0.06582   0.04762         0    0.1134      1054       640    0.8308    0.5464    0.6048    0.2963   0.06189   0.04171         0
  36/99998     8.96G   0.06545   0.04801         0    0.1135      1434       640    0.8323    0.5511    0.6061    0.2974   0.06163   0.04183         0
  37/99998     8.96G   0.06663   0.04904         0    0.1157      1015       640    0.8251    0.5582    0.6092    0.3019   0.06149   0.04164         0
  38/99998     8.96G   0.06517   0.04827         0    0.1134      1064       640    0.8254    0.5554    0.6108    0.3007   0.06142   0.04202         0
  39/99998     8.96G   0.06574    0.0476         0    0.1133      1395       640    0.8381    0.5545    0.6132    0.3033   0.06124   0.04156         0
  40/99998     8.96G   0.06581   0.04994         0    0.1157      1241       640      0.84    0.5525    0.6106    0.3027   0.06118   0.04167         0
  41/99998     8.96G   0.06506   0.04839         0    0.1135      1173       640    0.8425    0.5546    0.6185    0.3067   0.06115   0.04147         0
  42/99998     8.96G   0.06521   0.04819         0    0.1134      1358       640    0.8365    0.5584    0.6177     0.307   0.06094   0.04152         0
  43/99998     8.96G   0.06558   0.04794         0    0.1135      1559       640    0.8267    0.5645    0.6166    0.3044   0.06109   0.04148         0
  44/99998     8.96G   0.06453   0.04719         0    0.1117       947       640    0.8399    0.5598    0.6188    0.3061   0.06088   0.04145         0
  45/99998     8.96G   0.06505   0.04758         0    0.1126       939       640    0.8249     0.568    0.6203    0.3095   0.06064   0.04156         0
  46/99998     8.96G   0.06514    0.0482         0    0.1133      1226       640    0.8225    0.5666    0.6168    0.3043   0.06088    0.0418         0
  47/99998     8.96G   0.06487   0.04712         0     0.112       977       640    0.8347    0.5643    0.6212    0.3082   0.06061   0.04163         0
  48/99998     8.96G   0.06563   0.04841         0     0.114      1178       640     0.832    0.5664    0.6212    0.3079   0.06059   0.04121         0
  49/99998     8.96G   0.06435   0.04756         0    0.1119      1770       640    0.8346     0.567    0.6225    0.3092   0.06041    0.0415         0
  50/99998     8.96G   0.06473   0.04704         0    0.1118      1117       640    0.8488    0.5641    0.6263    0.3114   0.06033   0.04126         0
  51/99998     8.96G   0.06446   0.04764         0    0.1121      1104       640      0.84    0.5715    0.6281    0.3129   0.06016   0.04126         0
  52/99998     8.96G   0.06481   0.04728         0    0.1121       861       640    0.8265    0.5757    0.6273    0.3129   0.06015   0.04123         0
  53/99998     8.96G   0.06473     0.048         0    0.1127      1819       640    0.8173    0.5795    0.6267    0.3124   0.06013   0.04127         0
  54/99998     8.96G   0.06414   0.04769         0    0.1118      1419       640    0.8291     0.575    0.6283    0.3142   0.06001   0.04123         0
  55/99998     8.96G   0.06468   0.04682         0    0.1115      1563       640    0.8309    0.5765    0.6288    0.3135   0.05997   0.04117         0
  56/99998     8.96G   0.06481   0.04748         0    0.1123      1147       640    0.8289    0.5743    0.6272    0.3132   0.05994   0.04147         0
  57/99998     8.96G   0.06474   0.04745         0    0.1122      1482       640     0.838    0.5757    0.6321    0.3153   0.05984   0.04121         0
  58/99998     8.96G   0.06513   0.04806         0    0.1132      1318       640    0.8379    0.5775    0.6328    0.3171   0.05975   0.04102         0
  59/99998     8.96G   0.06495   0.04778         0    0.1127      1414       640    0.8264    0.5837    0.6337    0.3178   0.05973   0.04108         0
  60/99998     8.96G   0.06401   0.04718         0    0.1112      1288       640    0.8433    0.5758    0.6338     0.318   0.05962   0.04102         0
  61/99998     8.96G   0.06372   0.04761         0    0.1113      1423       640    0.8379    0.5787     0.634    0.3178   0.05964   0.04098         0
  62/99998     8.96G   0.06428   0.04786         0    0.1121       960       640    0.8447    0.5751    0.6342    0.3185   0.05958   0.04095         0
  63/99998     8.96G   0.06294   0.04602         0     0.109      1430       640    0.8411     0.582    0.6375    0.3193   0.05948   0.04107         0
  64/99998     8.96G   0.06419   0.04737         0    0.1116       949       640    0.8362    0.5856    0.6384    0.3206   0.05938   0.04102         0
  65/99998     8.96G   0.06448   0.04711         0    0.1116      1870       640    0.8466    0.5759    0.6348    0.3186   0.05948   0.04131         0
  66/99998     8.96G   0.06337   0.04683         0    0.1102      1317       640    0.8368    0.5824    0.6357    0.3195   0.05943   0.04103         0
  67/99998     8.96G   0.06431   0.04746         0    0.1118      1214       640    0.8306    0.5865    0.6385    0.3197   0.05935   0.04113         0
  68/99998     8.96G   0.06413   0.04675         0    0.1109       922       640    0.8518    0.5762    0.6375    0.3193   0.05936   0.04092         0
  69/99998     8.96G   0.06398   0.04736         0    0.1113      1262       640    0.8368    0.5865    0.6412    0.3225   0.05919   0.04085         0
  70/99998     8.96G   0.06365   0.04696         0    0.1106       931       640    0.8504    0.5814     0.642    0.3224   0.05915   0.04083         0
  71/99998     8.96G    0.0636   0.04675         0    0.1103      1367       640    0.8335    0.5916    0.6424    0.3234   0.05906   0.04084         0
  72/99998     8.96G   0.06411   0.04688         0     0.111      2846       640    0.8433    0.5869    0.6428    0.3229   0.05904    0.0409         0
  73/99998     8.96G   0.06427   0.04762         0    0.1119       941       640     0.843    0.5892     0.644    0.3239     0.059   0.04078         0
  74/99998     8.96G   0.06358   0.04737         0     0.111      1051       640    0.8381    0.5923    0.6452    0.3246   0.05897   0.04084         0
  75/99998     8.96G   0.06348   0.04741         0    0.1109      1098       640    0.8426    0.5897    0.6445     0.324   0.05897   0.04079         0
  76/99998     8.96G   0.06348   0.04765         0    0.1111      1239       640    0.8392    0.5925    0.6457    0.3249   0.05889   0.04075         0
  77/99998     8.96G   0.06304   0.04694         0      0.11      1245       640    0.8366     0.595     0.647    0.3258   0.05887   0.04077         0
  78/99998     8.96G   0.06346   0.04694         0    0.1104      1329       640    0.8389    0.5945    0.6465    0.3259   0.05885   0.04072         0
  79/99998     8.96G    0.0641   0.04777         0    0.1119      1154       640    0.8385    0.5954    0.6479    0.3258   0.05883   0.04076         0
  80/99998     8.96G   0.06359   0.04711         0    0.1107      1021       640    0.8425     0.593    0.6477    0.3263   0.05879   0.04076         0
  81/99998     8.96G   0.06402   0.04677         0    0.1108      1212       640    0.8435    0.5933    0.6483    0.3262   0.05877    0.0408         0
  82/99998     8.96G     0.063   0.04664         0    0.1096      1309       640    0.8439    0.5917    0.6482    0.3268   0.05872   0.04083         0
  83/99998     8.96G    0.0636   0.04713         0    0.1107      1350       640    0.8466    0.5922    0.6488    0.3269   0.05869   0.04075         0
  84/99998     8.96G     0.063   0.04635         0    0.1094      1222       640    0.8431    0.5931    0.6482    0.3265   0.05867   0.04073         0
  85/99998     8.96G     0.063   0.04685         0    0.1098      1750       640    0.8384     0.595     0.649    0.3269   0.05865   0.04074         0
  86/99998     8.96G   0.06419   0.04729         0    0.1115      1473       640    0.8393    0.5961      0.65    0.3274   0.05863   0.04069         0
  87/99998     8.96G   0.06349   0.04655         0      0.11      1105       640     0.843    0.5941      0.65    0.3276    0.0586   0.04067         0
  88/99998     8.96G   0.06419   0.04732         0    0.1115      1476       640    0.8406    0.5962    0.6497    0.3277   0.05858   0.04068         0
  89/99998     8.96G   0.06303   0.04619         0    0.1092      1061       640    0.8339    0.5995    0.6498    0.3281   0.05854   0.04063         0
  90/99998     8.96G   0.06282   0.04663         0    0.1094      1299       640    0.8343    0.6008     0.651    0.3282   0.05852   0.04065         0
  91/99998     8.96G   0.06341   0.04734         0    0.1108      1419       640    0.8392    0.5996    0.6513    0.3287   0.05849   0.04062         0
  92/99998     8.96G   0.06374   0.04734         0    0.1111      1308       640     0.837    0.6007    0.6524    0.3287   0.05846   0.04059         0
  93/99998     8.96G   0.06263   0.04687         0    0.1095      2261       640     0.831    0.6028    0.6515    0.3286   0.05843   0.04061         0
  94/99998     8.96G   0.06188   0.04537         0    0.1072      1092       640    0.8358    0.6014    0.6521    0.3289    0.0584    0.0406         0
  95/99998     8.96G   0.06195   0.04541         0    0.1074      1166       640    0.8463    0.5966    0.6526    0.3289   0.05838   0.04059         0
  96/99998     8.96G   0.06264   0.04732         0      0.11       851       640    0.8393    0.5991    0.6519    0.3289   0.05837   0.04066         0
  97/99998     8.96G   0.06224   0.04576         0     0.108      1523       640    0.8337    0.6022     0.652    0.3294   0.05835   0.04064         0
  98/99998     8.96G   0.06265   0.04605         0    0.1087      1471       640     0.837    0.6014    0.6527    0.3295   0.05831   0.04063         0
  99/99998     8.96G   0.06277   0.04669         0    0.1095      1314       640     0.838    0.6014    0.6534    0.3303   0.05829   0.04063         0
 100/99998     8.96G   0.06331   0.04675         0    0.1101      1189       640    0.8399    0.6008    0.6537    0.3305   0.05827   0.04063         0
 101/99998     8.96G   0.06243   0.04734         0    0.1098      1101       640    0.8414    0.6005    0.6538    0.3306   0.05824   0.04062         0
 102/99998     8.96G   0.06234   0.04633         0    0.1087      1044       640     0.841    0.6012    0.6542    0.3312   0.05823   0.04062         0
 103/99998     8.96G   0.06217    0.0455         0    0.1077       886       640    0.8404    0.6017    0.6538    0.3311   0.05821   0.04061         0
 104/99998     8.96G    0.0626   0.04689         0    0.1095      1386       640      0.84     0.602    0.6542    0.3313    0.0582   0.04059         0
 105/99998     8.96G   0.06326   0.04676         0      0.11      1535       640    0.8387    0.6024    0.6545    0.3315    0.0582   0.04059         0
 106/99998     8.96G   0.06284   0.04764         0    0.1105      1533       640    0.8397    0.6031    0.6549    0.3317   0.05818   0.04058         0
 107/99998     8.96G   0.06299   0.04672         0    0.1097      1208       640    0.8422    0.6021    0.6552    0.3318   0.05817   0.04058         0
 108/99998     8.96G   0.06253    0.0466         0    0.1091      1241       640    0.8503    0.5985    0.6554    0.3319   0.05816   0.04056         0
 109/99998     8.96G   0.06266     0.047         0    0.1097       950       640    0.8433    0.6018    0.6553    0.3321   0.05815   0.04056         0
 110/99998     8.96G   0.06228   0.04651         0    0.1088      2930       640    0.8556    0.5956    0.6552    0.3324   0.05813   0.04055         0
 111/99998     8.96G   0.06228   0.04569         0     0.108      1224       640    0.8586    0.5949    0.6563    0.3326   0.05812   0.04055         0
 112/99998     8.96G   0.06339   0.04682         0    0.1102      1312       640    0.8476    0.6004    0.6566    0.3327   0.05811   0.04055         0
 113/99998     8.96G   0.06225   0.04559         0    0.1078      1608       640    0.8493    0.5998    0.6566    0.3329    0.0581   0.04054         0
 114/99998     8.96G   0.06246   0.04659         0    0.1091      1150       640    0.8495    0.5995    0.6563     0.333   0.05809   0.04053         0
 115/99998     8.96G   0.06275   0.04717         0    0.1099      1764       640    0.8503    0.5993    0.6563    0.3331   0.05807   0.04052         0
 116/99998     8.96G   0.06172   0.04656         0    0.1083      1612       640    0.8521    0.5991    0.6567    0.3332   0.05806   0.04052         0
 117/99998     8.96G    0.0628   0.04678         0    0.1096      1394       640    0.8492    0.6003    0.6565    0.3333   0.05805   0.04051         0
 118/99998     8.96G   0.06199   0.04615         0    0.1081      1459       640    0.8508    0.5992    0.6564    0.3332   0.05805    0.0405         0
 119/99998     8.96G   0.06251   0.04702         0    0.1095      1195       640     0.842    0.6041    0.6566    0.3335   0.05804   0.04048         0
 120/99998     8.96G   0.06278   0.04669         0    0.1095       834       640     0.845    0.6025    0.6567    0.3337   0.05803   0.04048         0
 121/99998     8.96G   0.06275   0.04656         0    0.1093      1732       640    0.8506    0.6007    0.6571    0.3337   0.05802   0.04048         0
 122/99998     8.96G   0.06279    0.0471         0    0.1099      1236       640    0.8452    0.6034    0.6571    0.3338   0.05801   0.04048         0
 123/99998     8.96G   0.06257   0.04619         0    0.1088      1048       640    0.8465    0.6027    0.6573    0.3339     0.058   0.04048         0
 124/99998     8.96G   0.06266   0.04659         0    0.1093      1553       640    0.8527    0.5996    0.6573    0.3339   0.05799   0.04049         0
 125/99998     8.96G   0.06174   0.04595         0    0.1077      1591       640    0.8529    0.5997    0.6572     0.334   0.05798   0.04048         0
 126/99998     8.96G   0.06289   0.04691         0    0.1098      1299       640    0.8508     0.601    0.6575    0.3342   0.05797   0.04048         0
 127/99998     8.96G    0.0627   0.04592         0    0.1086      1494       640    0.8516    0.6007    0.6576    0.3343   0.05796   0.04048         0
 128/99998     8.96G    0.0621   0.04692         0     0.109       713       640    0.8542    0.5994    0.6575    0.3344   0.05795   0.04046         0
 129/99998     8.96G   0.06287   0.04674         0    0.1096      1509       640     0.852    0.6011    0.6579    0.3345   0.05794   0.04046         0
 130/99998     8.96G   0.06241    0.0466         0     0.109      1006       640    0.8516    0.6014    0.6581    0.3346   0.05793   0.04046         0
 131/99998     8.96G   0.06189   0.04646         0    0.1083      1271       640    0.8424    0.6064    0.6585    0.3347   0.05792   0.04046         0
 132/99998     8.96G   0.06263   0.04671         0    0.1093      1766       640     0.843    0.6062    0.6589    0.3348   0.05791   0.04045         0
 133/99998     8.96G   0.06234   0.04633         0    0.1087      1040       640    0.8501    0.6026     0.659     0.335    0.0579   0.04045         0
 134/99998     8.96G   0.06217   0.04678         0     0.109      1390       640    0.8507    0.6026     0.659     0.335    0.0579   0.04044         0
 135/99998     8.96G   0.06188   0.04587         0    0.1078      1223       640    0.8463    0.6046     0.659    0.3351   0.05789   0.04044         0
 136/99998     8.96G   0.06229    0.0458         0    0.1081      1051       640    0.8463    0.6052    0.6594    0.3351   0.05789   0.04044         0
 137/99998     8.96G   0.06197   0.04658         0    0.1085      1022       640    0.8469     0.605    0.6595    0.3351   0.05788   0.04044         0
 138/99998     8.96G    0.0623   0.04719         0    0.1095      1450       640    0.8469    0.6048    0.6593    0.3352   0.05788   0.04044         0
 139/99998     8.96G   0.06173    0.0464         0    0.1081      1273       640    0.8467    0.6048    0.6595    0.3353   0.05787   0.04044         0
