   0/99998     6.45G    0.1026   0.02857   0.02596    0.1571       826       416  0.001249    0.2383 0.0003485 5.509e-05    0.0883   0.01972   0.02284
   1/99998     9.81G   0.09841     0.029   0.02237    0.1498      1132       416  0.001265    0.2421 0.0003675 5.958e-05   0.08841   0.01969   0.02262
   2/99998     9.79G   0.09713   0.02897    0.0223    0.1484       830       416  0.001278    0.2412 0.0003883 6.324e-05   0.08827   0.01981   0.02266
   3/99998     9.77G   0.09552   0.02987   0.02207    0.1475       890       416  0.001273    0.2413 0.0005708 9.027e-05   0.08782      0.02   0.02269
   4/99998     9.78G   0.09045   0.03226   0.02214    0.1448       706       416  0.007387    0.0338  0.001463 0.0002324   0.08693   0.02023   0.02277
   5/99998     9.78G   0.08689   0.03289   0.02185    0.1416       878       416   0.01974    0.0547  0.008587  0.001905   0.08159   0.02152   0.02269
   6/99998     9.78G   0.08445   0.03385   0.02134    0.1396       904       416   0.02327    0.1469  0.007874  0.001603   0.07791   0.02244   0.02272
   7/99998     9.78G   0.08151   0.03427   0.02107    0.1369       793       416   0.05461   0.05662   0.02225  0.005869   0.07317   0.02431   0.02163
   8/99998     9.78G   0.07968    0.0332    0.0202    0.1331       839       416   0.03611   0.06574   0.01783  0.003497    0.0715    0.0296    0.0203
   9/99998     9.78G   0.07779   0.03119   0.01883    0.1278       892       416    0.1332    0.3066    0.1111   0.02872   0.06658     0.026   0.01731
  10/99998     9.78G   0.07756   0.02896   0.01687    0.1234       969       416    0.1488    0.1685   0.06388   0.01676   0.07213   0.02835   0.01548
  11/99998     9.78G   0.07588   0.02712   0.01484    0.1178       952       416    0.2707    0.4723    0.2216   0.06298   0.06465   0.01725   0.01393
  12/99998     9.78G   0.07358   0.02637    0.0139    0.1139       930       416    0.2077     0.353    0.1399   0.03173   0.06909   0.01788   0.01315
  13/99998     9.78G   0.07323   0.02521   0.01308    0.1115       859       416    0.2226    0.4733    0.1693   0.03837   0.06525   0.01983   0.02536
  14/99998     9.78G   0.07116   0.02455   0.01234     0.108       900       416    0.3996     0.468    0.3115   0.09119   0.05567   0.01632   0.01398
  15/99998     9.78G   0.07046   0.02396   0.01185    0.1063       895       416    0.4266    0.5413     0.353   0.09844   0.05927   0.01559   0.01643
  16/99998     9.78G    0.0682   0.02326   0.01078    0.1022      1130       416    0.5576    0.4528    0.4404    0.1699   0.05252   0.01448   0.01403
  17/99998     9.78G   0.06623     0.023   0.01027    0.0995       918       416    0.5351    0.5474    0.4758    0.1579   0.05261   0.01487   0.01664
  18/99998     9.78G   0.06463   0.02251  0.009839   0.09698       903       416    0.5223    0.4933     0.412    0.1548   0.05132   0.01379   0.01849
  19/99998     9.78G   0.06433   0.02219   0.01002   0.09654       859       416    0.6502    0.6108    0.5876    0.2282   0.04972   0.01332   0.00917
  20/99998     9.78G   0.06216   0.02154  0.009353   0.09305       940       416    0.6065    0.5937    0.5774    0.2194   0.05577   0.01457   0.01047
  21/99998     9.78G    0.0631   0.02153   0.00927    0.0939       826       416    0.4475    0.5037    0.4001    0.1416   0.06442   0.01547   0.02194
  22/99998     9.78G   0.06106   0.02169  0.008691   0.09144       868       416    0.7862    0.6833    0.7219    0.2781    0.0472   0.01202  0.008164
  23/99998     9.78G   0.05889   0.02132  0.008523   0.08873       849       416   0.08889    0.5261   0.06684   0.02313   0.06546   0.02862   0.01716
  24/99998     9.78G   0.05873   0.02078  0.008577   0.08809       901       416    0.8066    0.7279     0.776    0.3643   0.04187   0.01157   0.00785
  25/99998     9.78G   0.05652   0.02054  0.008041    0.0851       876       416    0.7003    0.7025    0.6701     0.252   0.04796   0.01095   0.01165
  26/99998     9.78G   0.05656   0.01964  0.008223   0.08442       872       416    0.8278     0.748    0.7936    0.3387   0.04411   0.01071  0.007469
  27/99998     9.78G   0.05495   0.01945  0.007574   0.08197      1112       416    0.8029    0.6661    0.7418    0.3035   0.04674    0.0114  0.008364
  28/99998     9.78G    0.0536   0.01991  0.007504   0.08102       768       416    0.8583    0.7645    0.8235    0.3425   0.04353   0.01059  0.007001
  29/99998     9.78G    0.0527   0.01908  0.007507   0.07929       844       416    0.8047    0.7072     0.787    0.3397   0.04547   0.01108  0.009748
  30/99998     9.78G   0.05078   0.01931  0.006856   0.07695       792       416    0.8713    0.7818    0.8512    0.3397    0.0434   0.01027  0.007209
  31/99998     9.78G    0.0505   0.01865  0.006546   0.07569       880       416    0.8497    0.7702     0.836    0.3777   0.04232   0.01063   0.00789
  32/99998     9.78G   0.04872   0.01839  0.006611   0.07371       932       416    0.8705    0.7465    0.8109    0.4092   0.04184   0.01148  0.007413
  33/99998     9.78G   0.04943   0.01878  0.006738   0.07494       847       416    0.8775    0.7993    0.8619    0.4153   0.03929  0.009801  0.006917
  34/99998     9.78G   0.04864   0.01829   0.00634   0.07327       836       416     0.884    0.8366    0.8832     0.424   0.03655  0.009949  0.006181
  35/99998     9.78G   0.04637   0.01824  0.006226   0.07084       791       416    0.8312    0.7787    0.8364    0.4337   0.03717   0.01095  0.008604
  36/99998     9.78G   0.04643   0.01798  0.006352   0.07077       825       416    0.8581    0.8114    0.8814    0.4802   0.03547   0.01043  0.006942
  37/99998     9.78G   0.04553   0.01789  0.005959   0.06938       849       416    0.8939    0.8161    0.8685    0.5016   0.03512   0.00972  0.006449
  38/99998     9.78G   0.04432   0.01777  0.006059   0.06815       767       416    0.9186    0.8138     0.884    0.5156   0.03365    0.0094  0.006772
  39/99998     9.78G   0.04394   0.01747  0.006111   0.06752       705       416     0.892    0.7884    0.8691    0.4365   0.03721  0.009784  0.007564
  40/99998     9.78G   0.04385   0.01745  0.006146   0.06744       818       416    0.9091    0.8069    0.8783    0.4539   0.03551  0.009749    0.0069
  41/99998     9.78G    0.0434   0.01779  0.005893   0.06709       808       416     0.896    0.8212    0.8866    0.4333   0.03693  0.009567  0.007517
  42/99998     9.78G   0.04305   0.01746  0.006023   0.06653       904       416    0.8977    0.8189    0.8963    0.4903   0.03367  0.009361  0.006885
  43/99998     9.78G   0.04398   0.01793  0.005794    0.0677       998       416    0.2749   0.02494   0.02429    0.0131    0.1378   0.03926    0.5608
  44/99998     9.78G   0.04212   0.01739  0.005818   0.06533       816       416    0.8895    0.8275     0.888      0.53   0.03258  0.009391  0.006947
  45/99998     9.78G   0.04168   0.01738  0.005329   0.06439       794       416    0.8588    0.7895    0.8708    0.5128   0.03343   0.00971  0.009735
  46/99998     9.78G   0.04105   0.01686  0.005532   0.06344       943       416    0.8845    0.8498    0.8919    0.5391   0.03179  0.009614  0.006688
  47/99998     9.78G   0.04172   0.01697  0.005384   0.06407       796       416    0.9259    0.8424    0.9062    0.5391   0.03204  0.009093   0.00604
  48/99998     9.78G   0.04056   0.01664  0.005141   0.06234       956       416    0.9049    0.8671    0.9095    0.5482   0.03116  0.008667  0.006156
  49/99998     9.78G   0.03995   0.01645  0.004977   0.06138       996       416    0.8769     0.854    0.9098    0.5563   0.03036  0.008693  0.008125
  50/99998     9.78G   0.03992    0.0166  0.004938   0.06146       851       416    0.9356    0.8594    0.9168    0.5652    0.0305  0.008629  0.005902
  51/99998     9.78G    0.0397    0.0168  0.005042   0.06154       873       416    0.9295    0.8537     0.911    0.5583   0.03064   0.00867  0.005902
  52/99998     9.78G   0.03915   0.01663  0.005105   0.06088       823       416    0.9234    0.8656    0.9127    0.5659   0.03024  0.008627  0.006115
  53/99998     9.78G   0.03862   0.01651  0.004798   0.05992       865       416    0.9137    0.8618    0.9138    0.5504   0.03145  0.008543  0.006371
  54/99998     9.78G   0.03967   0.01604  0.005114   0.06083      1107       416    0.9262    0.8698    0.9204    0.5631   0.03057  0.008501  0.005783
  55/99998     9.78G   0.03844   0.01633  0.004877   0.05964       876       416    0.9195    0.8699    0.9215    0.5706   0.02961  0.008384  0.005906
  56/99998     9.78G   0.03936   0.01604  0.004877   0.06027      1139       416    0.9309     0.853    0.9195    0.5434   0.03039  0.008423  0.006155
  57/99998     9.78G     0.038   0.01612  0.004846   0.05897       890       416    0.9455    0.8639    0.9221    0.5752   0.02955  0.008293  0.005611
  58/99998     9.78G   0.03845   0.01644  0.004653   0.05954       966       416    0.9216    0.8707    0.9157    0.5706   0.02935  0.008542  0.006238
  59/99998     9.78G   0.03819   0.01624  0.004534   0.05896      1019       416    0.9343    0.8693    0.9206    0.5823   0.02942  0.008354  0.005858
  60/99998     9.78G   0.03798   0.01595  0.004401   0.05833       870       416    0.9195    0.8823    0.9212    0.5875   0.02921    0.0084  0.005951
  61/99998     9.78G   0.03753   0.01619  0.004415   0.05813       860       416    0.9337    0.8808    0.9253    0.5804   0.02883  0.008397   0.00571
  62/99998     9.78G   0.03781   0.01605  0.004783   0.05865       914       416    0.9379     0.854    0.9227    0.5642    0.0297  0.008304  0.005777
  63/99998     9.78G   0.03716   0.01584  0.004501    0.0575       868       416    0.9292    0.8693    0.9218    0.5744   0.02965   0.00826  0.006066
  64/99998     9.78G    0.0367   0.01565  0.004488   0.05683       880       416    0.9257    0.8768    0.9231    0.5892   0.02853  0.008242  0.005836
  65/99998     9.78G   0.03806   0.01583  0.004289   0.05818       956       416    0.9377    0.8752    0.9258    0.5868   0.02909  0.008323   0.00545
  66/99998     9.78G     0.037   0.01591  0.004342   0.05724       980       416    0.9252    0.8802     0.927    0.5976   0.02849  0.008274  0.005514
  67/99998     9.78G   0.03695   0.01548  0.004647   0.05707       877       416    0.9425    0.8797    0.9287    0.5991   0.02816  0.008179  0.005473
  68/99998     9.78G   0.03742   0.01572  0.004568    0.0577      1043       416    0.9264    0.8711    0.9234    0.5814   0.02921  0.008361  0.005747
  69/99998     9.78G   0.03689   0.01565  0.004248   0.05679       851       416    0.9323    0.8813    0.9266    0.5964   0.02831  0.008114   0.00581
  70/99998     9.78G   0.03596   0.01541  0.004265   0.05564       869       416     0.931    0.8777    0.9284    0.5995   0.02813  0.008166  0.005659
  71/99998     9.78G   0.03732   0.01565  0.004226    0.0572       930       416    0.9439     0.877    0.9309    0.6014   0.02828  0.008001  0.005527
  72/99998     9.78G    0.0361   0.01541  0.004225   0.05574       957       416    0.9456    0.8744    0.9301    0.5959   0.02806  0.008197  0.005708
  73/99998     9.78G   0.03608   0.01553  0.004349   0.05596       937       416    0.9423    0.8771    0.9233    0.5923   0.02838  0.008208  0.005904
  74/99998     9.78G   0.03703   0.01555  0.004254   0.05684       894       416    0.9551    0.8706    0.9287    0.5977   0.02819  0.008217  0.005451
  75/99998     9.78G   0.03623   0.01536    0.0041   0.05569       787       416    0.9209     0.845    0.9217    0.6015   0.02809  0.008435   0.00707
  76/99998     9.78G   0.03597   0.01553  0.004271   0.05577       826       416    0.9374    0.8782    0.9286    0.6044   0.02785  0.008135  0.005396
  77/99998     9.78G   0.03533   0.01518  0.004117   0.05463       962       416    0.9459    0.8759    0.9299    0.6033   0.02799   0.00793  0.006019
  78/99998     9.78G   0.03646   0.01561  0.004194   0.05626       946       416    0.9317    0.8861    0.9335    0.6036    0.0278  0.007969  0.005534
  79/99998     9.78G   0.03612   0.01532  0.003992   0.05543       970       416    0.9506    0.8739    0.9295    0.5866    0.0289  0.008208  0.005333
  80/99998     9.78G   0.03572   0.01541   0.00413   0.05526       818       416    0.9428    0.8819    0.9282    0.6007   0.02834  0.007972  0.005874
  81/99998     9.78G   0.03561   0.01521  0.004183     0.055       852       416    0.9524    0.8736    0.9318     0.596   0.02793  0.007982  0.005465
  82/99998     9.78G   0.03527   0.01508  0.004113   0.05446       949       416    0.9364    0.8867    0.9336    0.6076   0.02767  0.008165  0.005691
  83/99998     9.78G   0.03583   0.01534  0.004097   0.05527       916       416    0.9346    0.8844    0.9344    0.5913   0.02853  0.008013  0.005474
  84/99998     9.78G   0.03556   0.01537  0.004062   0.05499       760       416    0.9393    0.8784    0.9282     0.605   0.02771   0.00806  0.005871
  85/99998     9.78G   0.03474    0.0153  0.004154   0.05419       896       416    0.9432    0.8838    0.9362    0.6088   0.02752  0.008022  0.005945
  86/99998     9.78G   0.03541   0.01529  0.003816   0.05452       854       416    0.9368    0.8831    0.9333    0.5993   0.02809  0.008008  0.005379
  87/99998     9.78G   0.03517   0.01513  0.004003   0.05431       891       416    0.9245    0.8761    0.9231    0.5972   0.02768  0.008105  0.006249
  88/99998     9.78G   0.03553   0.01521  0.004035   0.05477       834       416    0.9255    0.8743    0.9317    0.5977   0.02801  0.007989  0.006545
  89/99998     9.78G   0.03533   0.01509  0.003982    0.0544       865       416    0.9378    0.8884    0.9318    0.6141   0.02733   0.00798  0.005586
  90/99998     9.78G   0.03512   0.01532  0.003949   0.05439      1084       416    0.9403    0.8913    0.9349    0.6125   0.02719  0.007859  0.005637
  91/99998     9.78G   0.03491   0.01528  0.003988   0.05418       814       416    0.9349    0.8843     0.933    0.6056    0.0276  0.007905  0.005963
  92/99998     9.78G   0.03548   0.01506  0.003967   0.05452      1001       416    0.9286    0.8742    0.9342    0.6083   0.02759  0.007915  0.006406
  93/99998     9.78G   0.03483   0.01499   0.00384   0.05366       965       416    0.9444    0.8882    0.9331    0.6082   0.02744  0.007934  0.005575
  94/99998     9.78G   0.03468   0.01501  0.003962   0.05366       858       416    0.9347    0.8948    0.9352    0.6129    0.0273  0.008025  0.005321
  95/99998     9.78G   0.03414   0.01494  0.003796   0.05287       924       416    0.9449    0.8884    0.9358    0.6093   0.02727  0.007951   0.00543
  96/99998     9.78G   0.03502   0.01495  0.003846   0.05381       861       416    0.9416     0.891    0.9391    0.6109   0.02725  0.007832  0.005268
  97/99998     9.78G   0.03436    0.0149  0.003733   0.05299       824       416    0.9392    0.8923     0.934    0.6062   0.02739   0.00793  0.005372
  98/99998     9.78G   0.03531   0.01506  0.003916   0.05428       874       416     0.941    0.8878    0.9345    0.6056   0.02788  0.007934  0.005575
  99/99998     9.78G   0.03556   0.01537  0.003657   0.05459       948       416    0.9436    0.8873    0.9355    0.6157    0.0274  0.007946  0.005402
 100/99998     9.78G   0.03424   0.01499  0.003765     0.053       930       416    0.9424    0.8822    0.9343    0.6083   0.02727  0.008013  0.005462
 101/99998     9.78G    0.0343   0.01491   0.00385   0.05306       756       416    0.9301    0.8905    0.9324    0.6141   0.02748  0.007942  0.005711
 102/99998     9.78G   0.03405   0.01475  0.003613   0.05241       770       416    0.9456    0.8872    0.9374    0.6136   0.02722  0.007813   0.00531
 103/99998     9.78G   0.03373    0.0147  0.003779   0.05221       825       416    0.9358    0.8856    0.9351    0.6185   0.02699  0.007812  0.005955
 104/99998     9.78G   0.03417   0.01495  0.003576    0.0527       922       416    0.9328     0.889    0.9352    0.6182   0.02711  0.007893  0.005726
 105/99998     9.78G    0.0345   0.01503  0.003652   0.05319       865       416    0.9331    0.8768    0.9276    0.6083   0.02758  0.008038  0.006177
 106/99998     9.78G   0.03451   0.01491  0.003613   0.05304       922       416    0.9408    0.8894    0.9339    0.6169   0.02696  0.007902  0.005704
 107/99998     9.78G   0.03481   0.01487  0.003585   0.05326       984       416    0.9453    0.8889    0.9307    0.6133   0.02716  0.007929    0.0053
 108/99998     9.78G   0.03413   0.01477  0.003828   0.05273       911       416    0.9184    0.8975    0.9341    0.6083   0.02731  0.007995  0.005567
 109/99998     9.78G    0.0335   0.01469   0.00357   0.05177       827       416    0.9488    0.8849    0.9367    0.6187    0.0269  0.007827  0.005215
 110/99998     9.78G   0.03428   0.01487  0.003608   0.05276       902       416    0.9292    0.8938    0.9362    0.6126   0.02725  0.007794  0.005597
 111/99998     9.78G   0.03396   0.01472  0.003751   0.05243       939       416     0.935    0.8945     0.936    0.6151   0.02707   0.00775  0.005573
 112/99998     9.78G   0.03488   0.01483  0.003556   0.05327       796       416    0.9573    0.8789    0.9382    0.6171   0.02698  0.007927  0.005499
 113/99998     9.78G   0.03384   0.01463  0.003683   0.05215       942       416    0.9529    0.8843    0.9346    0.6138   0.02734  0.007912  0.005276
 114/99998     9.78G   0.03389   0.01481  0.003541   0.05224       934       416    0.9446    0.8842    0.9355    0.6133   0.02707  0.007829  0.005743
 115/99998     9.78G   0.03375    0.0147  0.003589   0.05204       828       416    0.9436    0.8974    0.9412    0.6167   0.02696  0.007776   0.00531
 116/99998     9.78G   0.03409   0.01462   0.00352   0.05223       837       416    0.9509    0.8829     0.939    0.6207   0.02703  0.007793  0.005578
 117/99998     9.78G   0.03379   0.01462  0.003406   0.05182       966       416     0.941    0.8888    0.9364    0.6227   0.02698  0.007837  0.005529
 118/99998     9.78G   0.03383   0.01453  0.003452   0.05181       796       416     0.954    0.8907    0.9424    0.6227   0.02673  0.007707  0.005563
 119/99998     9.78G   0.03302   0.01436   0.00339   0.05077      1035       416    0.9337    0.8848    0.9329    0.6151   0.02712  0.007905  0.006039
 120/99998     9.78G   0.03384   0.01463  0.003297   0.05177       892       416    0.9406     0.897    0.9395    0.6222   0.02689  0.007761  0.005379
 121/99998     9.78G   0.03461   0.01475  0.003831   0.05319       912       416    0.9478    0.8895    0.9394    0.6211   0.02673  0.007756  0.005433
 122/99998     9.78G   0.03354   0.01452  0.003549   0.05162       855       416    0.9428    0.8862    0.9339    0.6162   0.02728  0.007856  0.005684
 123/99998     9.78G   0.03349   0.01467  0.003582   0.05175       898       416    0.9408    0.8919    0.9355     0.616   0.02701  0.007912  0.005413
 124/99998     9.78G   0.03349   0.01432  0.003703   0.05151       815       416    0.9436    0.8958     0.937     0.619   0.02671   0.00783  0.005376
 125/99998     9.78G   0.03362   0.01472  0.003545   0.05188       838       416     0.945     0.894    0.9406    0.6252   0.02667  0.007675    0.0055
 126/99998     9.78G   0.03357   0.01455  0.003348   0.05147      1077       416    0.9502      0.89    0.9387    0.6205   0.02698  0.007774    0.0053
 127/99998     9.78G    0.0336   0.01446  0.003355   0.05141       822       416    0.9478    0.8908    0.9388    0.6238   0.02663  0.007818  0.005498
 128/99998     9.78G   0.03335    0.0144  0.003508   0.05125       878       416    0.9464    0.8911    0.9428    0.6186   0.02675  0.007754  0.005626
 129/99998     9.78G   0.03431   0.01465  0.003259   0.05222       847       416    0.9491    0.8986    0.9408     0.623   0.02657  0.007749  0.005504
 130/99998     9.78G   0.03373   0.01442  0.003299   0.05145       846       416    0.9459     0.891    0.9414    0.6238   0.02674  0.007741  0.005901
 131/99998     9.78G    0.0335   0.01453  0.003457   0.05148       926       416    0.9418    0.8931    0.9348    0.6143   0.02687  0.007786  0.005798
 132/99998     9.78G     0.033    0.0144  0.003326   0.05072       851       416    0.9465    0.8931    0.9397    0.6265   0.02665   0.00767  0.005548
 133/99998     9.78G   0.03301    0.0141    0.0035   0.05061       809       416    0.9434    0.8961    0.9418    0.6229   0.02663  0.007692  0.005358
 134/99998     9.78G   0.03399   0.01486   0.00343   0.05228       873       416     0.932    0.8979    0.9392     0.621    0.0264  0.007737  0.005581
 135/99998     9.78G   0.03279   0.01463  0.003374   0.05079       816       416    0.9438    0.8841    0.9323    0.6217   0.02662  0.007779  0.005905
 136/99998     9.78G   0.03396   0.01471  0.003495   0.05217       925       416    0.9475    0.9003    0.9398    0.6237   0.02637  0.007669  0.005505
 137/99998     9.78G   0.03393   0.01447  0.003385   0.05179      1014       416    0.9358    0.8924    0.9383    0.6238   0.02645  0.007825   0.00569
 138/99998     9.78G   0.03285   0.01428  0.003388   0.05052       917       416    0.9472    0.8939    0.9405    0.6261   0.02646   0.00767  0.005626
 139/99998     9.78G   0.03349   0.01454  0.003427   0.05146       825       416    0.9454    0.9009    0.9423    0.6291   0.02647   0.00765  0.005776
 140/99998     9.78G   0.03317   0.01433  0.003483   0.05099       822       416    0.9493    0.8981    0.9434    0.6261    0.0265  0.007661  0.005256
 141/99998     9.78G   0.03412   0.01472  0.003542   0.05238       874       416     0.939    0.8905    0.9408    0.6192   0.02646  0.007705  0.006252
 142/99998     9.78G   0.03324   0.01451  0.003375   0.05112       884       416    0.9536    0.8885    0.9365    0.6199    0.0263  0.007833  0.005615
 143/99998     9.78G   0.03305   0.01434  0.003452   0.05085       807       416    0.9532    0.8908     0.939    0.6275   0.02635  0.007688  0.005399
 144/99998     9.78G    0.0333   0.01445  0.003259   0.05101      1010       416    0.9491    0.8923    0.9393    0.6235   0.02655  0.007724  0.005661
 145/99998     9.78G    0.0334   0.01452  0.003431   0.05135       837       416    0.9359    0.8978    0.9403     0.625   0.02657  0.007767  0.005415
 146/99998     9.78G   0.03326    0.0145  0.003459   0.05122      1095       416     0.931    0.9036    0.9433    0.6318    0.0263  0.007601  0.005357
 147/99998     9.78G   0.03311   0.01439  0.003308   0.05082      1097       416    0.9549    0.8854    0.9419    0.6301   0.02619  0.007555  0.005393
 148/99998     9.78G   0.03266   0.01439  0.003204   0.05025       812       416     0.947    0.9061    0.9456    0.6324   0.02613  0.007553  0.005079
 149/99998     9.78G   0.03342    0.0144  0.003341   0.05116       833       416    0.9498    0.8966    0.9441    0.6347   0.02613  0.007532  0.005225
 150/99998     9.78G   0.03353   0.01423  0.003273   0.05103       815       416    0.9512    0.8967    0.9439    0.6328   0.02617   0.00757   0.00532
 151/99998     9.78G   0.03289   0.01434  0.003526   0.05076       867       416    0.9406    0.9017    0.9417     0.631   0.02633  0.007644  0.005252
 152/99998     9.78G   0.03336    0.0145  0.003255   0.05111       756       416    0.9382    0.8987    0.9393    0.6308   0.02627  0.007699  0.005648
 153/99998     9.78G   0.03296   0.01446   0.00338    0.0508       814       416    0.9402    0.8985    0.9412    0.6254   0.02649  0.007738  0.005155
 154/99998     9.78G   0.03271   0.01426  0.003377   0.05035       813       416    0.9317    0.8969    0.9391     0.626   0.02649  0.007682  0.005819
 155/99998     9.78G   0.03265   0.01436  0.003171   0.05018       931       416     0.937    0.9032    0.9412    0.6316   0.02613  0.007509  0.005482
 156/99998     9.78G   0.03305   0.01434  0.003152   0.05054       923       416    0.9444    0.8837    0.9362    0.6249   0.02632   0.00773   0.00569
 157/99998     9.78G   0.03264   0.01418  0.003386   0.05021       835       416     0.945    0.9067    0.9444    0.6295   0.02621   0.00764  0.005538
 158/99998     9.78G   0.03226   0.01429  0.003138   0.04969      1004       416    0.9406    0.9058    0.9414    0.6296   0.02601  0.007531  0.005487
 159/99998     9.78G   0.03299   0.01438  0.003205   0.05057       942       416    0.9384    0.9105    0.9408    0.6371   0.02598   0.00756  0.005977
 160/99998     9.78G   0.03263   0.01409  0.003198   0.04992       923       416    0.9391    0.8873    0.9372    0.6281    0.0263  0.007675  0.006037
 161/99998     9.78G   0.03303   0.01399  0.003255   0.05028       932       416    0.9426    0.9038    0.9448    0.6311   0.02617  0.007553  0.005354
 162/99998     9.78G    0.0329   0.01442  0.003287    0.0506       924       416    0.9462    0.8984     0.941    0.6301   0.02609  0.007645  0.005602
 163/99998     9.78G   0.03287   0.01423  0.003291    0.0504       722       416    0.9434    0.8989    0.9379    0.6289   0.02611  0.007593  0.006074
 164/99998     9.78G   0.03229   0.01431  0.003009    0.0496       836       416    0.9551    0.8934    0.9401    0.6334   0.02626  0.007653  0.005442
 165/99998     9.78G   0.03279   0.01426  0.003049   0.05009       866       416    0.9466    0.9006    0.9423    0.6305   0.02614  0.007561    0.0056
 166/99998     9.78G   0.03282   0.01429  0.003275   0.05038       835       416    0.9497    0.8985    0.9388    0.6271   0.02619   0.00753  0.005813
 167/99998     9.78G   0.03315   0.01441  0.003367   0.05093       842       416    0.9497    0.9017    0.9426     0.626   0.02616  0.007715  0.005537
 168/99998     9.78G   0.03271   0.01428  0.003179   0.05016      1085       416    0.9391     0.911    0.9428    0.6277   0.02601  0.007682  0.005472
 169/99998     9.78G   0.03303    0.0142   0.00321   0.05044       832       416    0.9466    0.8929    0.9382    0.6248    0.0262  0.007716  0.005616
 170/99998     9.78G   0.03261   0.01422  0.003159   0.04999       833       416     0.955    0.8953    0.9438    0.6307   0.02602  0.007533  0.005824
 171/99998     9.78G   0.03254    0.0142  0.003102   0.04984       809       416    0.9482    0.9006    0.9436    0.6326   0.02601  0.007563  0.005594
 172/99998     9.78G   0.03243   0.01439  0.003331   0.05015       864       416    0.9462    0.9022    0.9436    0.6324   0.02598  0.007604  0.005716
 173/99998     9.78G   0.03257   0.01424  0.003059   0.04987       940       416    0.9417    0.9033    0.9419    0.6334   0.02578  0.007509  0.005658
 174/99998     9.78G   0.03242   0.01417  0.003158   0.04975       889       416    0.9364    0.8985    0.9459    0.6331   0.02583  0.007477  0.005643
 175/99998     9.78G   0.03271   0.01441  0.002893   0.05001      1074       416    0.9428    0.9046    0.9448    0.6349   0.02578  0.007453  0.005651
 176/99998     9.78G   0.03242   0.01427  0.003218   0.04992       817       416    0.9431    0.9004    0.9397    0.6353   0.02588  0.007548  0.005759
 177/99998     9.78G   0.03309   0.01415  0.003252   0.05049       861       416    0.9538    0.9001    0.9463    0.6364   0.02599  0.007474  0.005138
 178/99998     9.78G   0.03277   0.01438  0.002991   0.05013       875       416    0.9421    0.9103    0.9424    0.6316   0.02587  0.007638  0.005253
 179/99998     9.78G   0.03172   0.01411  0.002865   0.04869       862       416    0.9545    0.8922    0.9398    0.6277   0.02612  0.007668  0.005541
 180/99998     9.78G    0.0328   0.01404  0.003187   0.05003       773       416    0.9346     0.907    0.9435    0.6352   0.02593  0.007487  0.005474
 181/99998     9.78G   0.03262   0.01408  0.003166   0.04987       935       416    0.9491    0.9029    0.9418    0.6327   0.02577  0.007494  0.005482
 182/99998     9.78G   0.03238   0.01411  0.003041   0.04954      1062       416    0.9491    0.9046    0.9443    0.6336   0.02589  0.007464  0.005433
 183/99998     9.78G   0.03283   0.01419  0.003237   0.05025       740       416    0.9466    0.9082    0.9447    0.6306   0.02607  0.007543  0.005498
 184/99998     9.78G   0.03166   0.01408  0.003178   0.04892       812       416    0.9425    0.9083    0.9416    0.6319    0.0258   0.00764  0.005579
 185/99998     9.78G   0.03241   0.01423  0.003081   0.04971       977       416    0.9391    0.8979    0.9402    0.6357   0.02565  0.007499  0.005852
 186/99998     9.78G   0.03267   0.01393  0.003338   0.04994       880       416    0.9314    0.9098    0.9381    0.6367   0.02577  0.007532  0.005629
 187/99998     9.78G   0.03189   0.01415  0.003014   0.04905       774       416     0.957    0.8944    0.9397    0.6375   0.02586  0.007601  0.005269
 188/99998     9.78G   0.03195   0.01392  0.002882   0.04875       882       416    0.9504    0.9028    0.9459    0.6351   0.02582  0.007479  0.005283
 189/99998     9.78G   0.03177   0.01401  0.003211   0.04899       866       416    0.9475    0.9047    0.9471    0.6398   0.02556  0.007437  0.005221
 190/99998     9.78G   0.03135   0.01384  0.002988   0.04818       957       416    0.9456    0.9001    0.9466      0.64   0.02553  0.007449  0.005453
 191/99998     9.78G   0.03278   0.01413  0.002984   0.04989       857       416    0.9402    0.9024    0.9447    0.6349   0.02571  0.007464  0.005687
 192/99998     9.78G   0.03164   0.01405  0.002943   0.04863       817       416    0.9501    0.9055    0.9452    0.6379   0.02574  0.007479   0.00517
 193/99998     9.78G   0.03319   0.01415  0.003007   0.05035       813       416    0.9478    0.9092    0.9448     0.633   0.02583  0.007488  0.005301
 194/99998     9.78G   0.03286   0.01413  0.003021   0.05002       849       416    0.9494    0.9078    0.9431    0.6307    0.0257  0.007593  0.005165
 195/99998     9.78G   0.03222   0.01411  0.002806   0.04913      1167       416    0.9525    0.9025    0.9407    0.6275   0.02607  0.007592  0.005573
 196/99998     9.78G   0.03262   0.01431  0.003043   0.04998       882       416     0.955     0.905     0.944     0.634   0.02578  0.007474  0.005415
 197/99998     9.78G   0.03236   0.01401  0.003082   0.04945       906       416    0.9473    0.9061    0.9418    0.6382   0.02575  0.007543   0.00541
 198/99998     9.78G   0.03164    0.0141  0.003055    0.0488       835       416    0.9552    0.9022    0.9438    0.6375   0.02589  0.007532  0.005342
 199/99998     9.78G   0.03225   0.01406  0.003098   0.04941      1056       416    0.9428    0.9015    0.9423    0.6377   0.02596   0.00741  0.005767
 200/99998     9.78G   0.03249   0.01399  0.003112   0.04959       894       416    0.9558    0.9088    0.9468    0.6416   0.02554  0.007445   0.00516
 201/99998     9.78G   0.03252   0.01406  0.003128   0.04972       897       416    0.9552    0.9024    0.9449    0.6373   0.02554  0.007425  0.005374
 202/99998     9.78G   0.03211   0.01403  0.002882   0.04902      1035       416    0.9448    0.9075     0.943    0.6395   0.02558  0.007479  0.005536
 203/99998     9.78G   0.03197   0.01399  0.003082   0.04904       851       416    0.9477    0.9095    0.9452    0.6364   0.02577   0.00751  0.005326
 204/99998     9.78G   0.03211   0.01392  0.002902   0.04893       927       416    0.9412    0.9112    0.9456    0.6335   0.02576  0.007519  0.005316
 205/99998     9.78G   0.03207   0.01397    0.0032   0.04924       873       416    0.9506    0.9075    0.9469    0.6308   0.02581  0.007623  0.005192
 206/99998     9.78G   0.03246   0.01427  0.003102   0.04983       945       416    0.9396    0.9063     0.945    0.6355   0.02574  0.007582  0.005341
 207/99998     9.78G    0.0325   0.01412  0.002924   0.04955       974       416    0.9523    0.8875     0.935    0.6277   0.02628  0.007754  0.005577
 208/99998     9.78G   0.03261   0.01402   0.00294   0.04956       939       416    0.9535    0.9032    0.9473    0.6406   0.02555  0.007449  0.005241
 209/99998     9.78G   0.03283   0.01407  0.002982   0.04988       782       416    0.9593    0.9016     0.946     0.637   0.02573  0.007499  0.005173
 210/99998     9.78G   0.03202   0.01401  0.002838   0.04887       865       416    0.9463    0.9061    0.9443    0.6393   0.02571  0.007436  0.005411
 211/99998     9.78G   0.03223   0.01382  0.002732   0.04879       795       416     0.933    0.9113    0.9446    0.6416   0.02561  0.007456  0.005348
 212/99998     9.78G    0.0321   0.01415  0.003093   0.04935       943       416    0.9536    0.8993    0.9446    0.6364   0.02574  0.007479  0.005478
 213/99998     9.78G   0.03196   0.01399  0.002878   0.04882       830       416    0.9451    0.9077    0.9481    0.6412    0.0255  0.007389  0.005177
 214/99998     9.78G   0.03236    0.0139  0.002915   0.04917       791       416    0.9524    0.9051    0.9479    0.6434    0.0254  0.007316  0.005129
 215/99998     9.78G   0.03149   0.01373  0.002876   0.04809       868       416    0.9484    0.9024    0.9454    0.6352    0.0257  0.007506  0.005606
 216/99998     9.78G   0.03307   0.01429   0.00285   0.05021       909       416    0.9494    0.9088    0.9484    0.6376   0.02542  0.007519  0.005261
 217/99998     9.78G   0.03197   0.01393  0.002979   0.04888       866       416    0.9481    0.9024    0.9486    0.6394   0.02555  0.007463  0.005203
 218/99998     9.78G   0.03204   0.01379  0.002953   0.04878       847       416    0.9444    0.9134    0.9487    0.6414   0.02547  0.007392  0.005518
 219/99998     9.78G   0.03249   0.01425  0.003015   0.04976       870       416    0.9584    0.9058    0.9475    0.6365   0.02572  0.007456  0.005114
 220/99998     9.78G   0.03231   0.01407  0.002738   0.04911       859       416    0.9557    0.9085    0.9483    0.6383   0.02555  0.007396    0.0053
 221/99998     9.78G    0.0323   0.01395     0.003   0.04925       989       416    0.9522    0.9077    0.9469    0.6365   0.02557  0.007481  0.005242
 222/99998     9.78G   0.03183   0.01373  0.002807   0.04837       848       416    0.9503    0.9047    0.9446    0.6379    0.0255  0.007499  0.005368
 223/99998     9.78G   0.03218    0.0139  0.003232   0.04931       853       416    0.9506    0.8977    0.9429     0.638    0.0256  0.007484  0.005577
 224/99998     9.78G   0.03202   0.01416  0.002906   0.04908      1023       416    0.9461    0.9082    0.9462    0.6379   0.02559  0.007502  0.005483
 225/99998     9.78G   0.03171   0.01417  0.002737   0.04862       905       416    0.9421     0.909    0.9449    0.6364    0.0256  0.007552  0.005637
 226/99998     9.78G    0.0321   0.01389  0.002837   0.04883       898       416    0.9545    0.8992    0.9455    0.6386   0.02565   0.00745  0.005398
 227/99998     9.78G   0.03126   0.01356  0.002982   0.04781      1072       416     0.953    0.9057    0.9488    0.6385    0.0256  0.007436  0.005335
 228/99998     9.78G   0.03217   0.01402  0.003207    0.0494       793       416    0.9576    0.9032    0.9477     0.641   0.02562  0.007449  0.005178
 229/99998     9.78G   0.03196    0.0141  0.002754   0.04881       774       416    0.9572    0.8998    0.9462    0.6413   0.02545  0.007432  0.005214
 230/99998     9.78G   0.03173   0.01408   0.00281   0.04863      1102       416     0.953    0.9043    0.9488    0.6452   0.02523  0.007373   0.00523
 231/99998     9.78G   0.03206   0.01393  0.002795   0.04879      1100       416     0.956    0.9058    0.9473    0.6415   0.02532   0.00736  0.005116
 232/99998     9.78G   0.03164   0.01398  0.003104   0.04872       836       416    0.9532     0.901    0.9489    0.6421   0.02546  0.007372  0.005236
 233/99998     9.78G   0.03198   0.01404  0.002972   0.04899       768       416    0.9477    0.9084    0.9474    0.6389   0.02546  0.007399  0.005108
 234/99998     9.78G   0.03197   0.01388  0.002673   0.04852       863       416     0.957    0.8961    0.9451    0.6408   0.02546  0.007426  0.005339
 235/99998     9.78G    0.0324   0.01404  0.002899   0.04934       963       416    0.9577    0.8992    0.9461     0.642   0.02535   0.00736  0.005368
 236/99998     9.78G   0.03109   0.01357  0.002955   0.04761      1288       416    0.9462    0.9091    0.9445     0.641   0.02528  0.007391  0.005164
 237/99998     9.78G   0.03186   0.01375  0.002878   0.04849       810       416    0.9559    0.9012    0.9458    0.6409   0.02522  0.007423  0.005379
 238/99998     9.78G   0.03153   0.01363  0.002784   0.04795       874       416    0.9562    0.9014    0.9435    0.6404   0.02536  0.007392  0.005665
 239/99998     9.78G   0.03145   0.01395  0.003148   0.04854       926       416    0.9574    0.9027    0.9431    0.6403   0.02528  0.007498  0.005472
 240/99998     9.78G   0.03212   0.01385  0.003064   0.04903      1016       416    0.9557    0.9033    0.9473    0.6409    0.0252  0.007394  0.005342
 241/99998     9.78G   0.03151   0.01386  0.002848   0.04822       730       416    0.9603    0.8983    0.9488    0.6435   0.02523  0.007369  0.005029
 242/99998     9.78G    0.0311   0.01382  0.002815   0.04774       746       416    0.9461    0.9015    0.9451    0.6418   0.02537  0.007445  0.005459
 243/99998     9.78G   0.03158   0.01385  0.002758   0.04819       968       416     0.955     0.902    0.9468    0.6379   0.02535   0.00742  0.005298
 244/99998     9.78G   0.03184   0.01387  0.002837   0.04854       878       416    0.9581    0.9051    0.9475    0.6386   0.02534  0.007422  0.005381
 245/99998     9.78G   0.03158   0.01396  0.002729   0.04827       849       416    0.9544    0.9019     0.949    0.6411   0.02528  0.007399  0.005514
 246/99998     9.78G   0.03207   0.01401   0.00292     0.049       930       416    0.9529    0.9055    0.9506    0.6403   0.02532  0.007406  0.005572
 247/99998     9.78G   0.03173   0.01384  0.002884   0.04845       864       416    0.9485    0.9136    0.9481    0.6397   0.02542  0.007412  0.005561
 248/99998     9.78G   0.03148   0.01398  0.002941    0.0484       880       416     0.946    0.9147    0.9485    0.6421   0.02527  0.007429  0.005457
 249/99998     9.78G   0.03133   0.01387   0.00264   0.04784       893       416    0.9467    0.9169    0.9491    0.6415   0.02523  0.007434  0.005377
 250/99998     9.78G   0.03154   0.01382  0.002991   0.04835       817       416    0.9541     0.908    0.9484    0.6418   0.02534  0.007381  0.005331
 251/99998     9.78G   0.03152   0.01375  0.002925    0.0482       871       416    0.9547    0.9063    0.9467    0.6427   0.02517  0.007363  0.005312
 252/99998     9.78G   0.03199   0.01365  0.002791   0.04844       860       416    0.9571    0.9093    0.9478    0.6443   0.02505  0.007377  0.005403
 253/99998     9.78G   0.03186   0.01411  0.002713   0.04868       938       416    0.9505    0.9128    0.9494    0.6425   0.02515  0.007416  0.005334
 254/99998     9.78G    0.0318   0.01382  0.002734   0.04836       842       416    0.9552    0.9101    0.9468    0.6433   0.02507  0.007422  0.005441
 255/99998     9.78G    0.0317   0.01395  0.002779   0.04843       902       416    0.9572     0.902    0.9453    0.6424   0.02524  0.007394  0.005378
 256/99998     9.78G   0.03097   0.01366  0.002849   0.04748       903       416    0.9596    0.9108    0.9491    0.6409   0.02523  0.007413  0.005261
 257/99998     9.78G   0.03074   0.01371  0.002938   0.04739       823       416    0.9573    0.9138    0.9505    0.6434   0.02528    0.0074  0.005046
 258/99998     9.78G   0.03085   0.01356  0.002671   0.04709       828       416    0.9604    0.9121    0.9516     0.646   0.02508  0.007378  0.004866
 259/99998     9.78G   0.03159   0.01384  0.002645   0.04807       907       416    0.9564    0.9069    0.9502    0.6453   0.02505  0.007335  0.005123
 260/99998     9.78G   0.03152   0.01389  0.002772   0.04818       926       416    0.9544    0.9135    0.9478    0.6417   0.02531    0.0074  0.005319
 261/99998     9.78G   0.03172   0.01363  0.002951   0.04829       963       416    0.9581      0.91    0.9479    0.6429   0.02514  0.007391  0.005299
 262/99998     9.78G   0.03215   0.01409  0.002701   0.04894       990       416    0.9605    0.9105    0.9477    0.6436   0.02512  0.007404  0.005169
 263/99998     9.78G   0.03131   0.01355  0.002814   0.04767       875       416    0.9523    0.8893    0.9354    0.6324   0.02604  0.007659   0.00557
 264/99998     9.78G   0.03144   0.01377  0.002709   0.04792       983       416    0.9515    0.9007    0.9417    0.6351    0.0257  0.007574  0.005377
 265/99998     9.78G   0.03152   0.01385  0.002792   0.04816       840       416    0.9583     0.904    0.9449    0.6444   0.02509  0.007398  0.005427
 266/99998     9.78G   0.03104   0.01381  0.002843   0.04769       866       416    0.9633    0.9057    0.9474     0.645   0.02494   0.00732  0.005233
 267/99998     9.78G   0.03072    0.0136  0.002928   0.04725       927       416    0.9632    0.8988    0.9464    0.6468   0.02494  0.007335  0.005459
 268/99998     9.78G    0.0324   0.01382  0.002635   0.04886       886       416    0.9532    0.9078    0.9478    0.6439   0.02505  0.007354  0.005373
 269/99998     9.78G   0.03128   0.01383  0.002664   0.04778      1043       416    0.9531    0.9077    0.9479    0.6451   0.02498   0.00733  0.005499
 270/99998     9.78G   0.03165   0.01398  0.002766   0.04839       936       416    0.9588    0.9011    0.9472    0.6417   0.02511  0.007368  0.005472
 271/99998     9.78G   0.03115   0.01363  0.002801   0.04758       877       416    0.9483    0.9098    0.9457    0.6411   0.02516   0.00742  0.005314
 272/99998     9.78G   0.03071   0.01349  0.002985   0.04718       838       416    0.9546    0.9116    0.9481     0.646   0.02498  0.007342  0.005171
 273/99998     9.78G    0.0314   0.01379  0.002763   0.04795       774       416    0.9601    0.9034    0.9486    0.6462   0.02492  0.007336  0.005252
 274/99998     9.78G    0.0315   0.01383  0.002849   0.04817      1029       416    0.9633    0.8993    0.9472    0.6451   0.02497  0.007395  0.005262
 275/99998     9.78G   0.03086    0.0137  0.002868   0.04743       838       416    0.9607     0.911    0.9481    0.6448   0.02497  0.007372  0.005236
 276/99998     9.78G   0.03161   0.01383  0.002793   0.04823       870       416    0.9599    0.9103    0.9494    0.6482   0.02495  0.007334  0.004972
 277/99998     9.78G   0.03143    0.0138  0.002877   0.04811       936       416    0.9469     0.919    0.9476    0.6454   0.02495  0.007315   0.00522
 278/99998     9.78G   0.03149   0.01369  0.002778   0.04795       929       416    0.9421    0.9206    0.9464    0.6465   0.02499  0.007287  0.005405
 279/99998     9.78G   0.03159   0.01378  0.002648   0.04802       883       416    0.9621    0.9103    0.9479    0.6478   0.02499  0.007267  0.005307
 280/99998     9.78G   0.03151   0.01369  0.002571   0.04777       943       416    0.9526    0.9158    0.9476    0.6452   0.02495  0.007273  0.005329
 281/99998     9.78G   0.03151   0.01341  0.002808   0.04773       843       416    0.9618     0.913    0.9476    0.6418     0.025  0.007354   0.00512
 282/99998     9.78G   0.03124   0.01362  0.002749    0.0476       808       416    0.9564    0.9132    0.9468    0.6447   0.02495  0.007349  0.004984
 283/99998     9.78G   0.03179   0.01377  0.002686   0.04825       989       416    0.9544    0.9103    0.9471     0.642   0.02508   0.00737  0.005087
 284/99998     9.78G    0.0316    0.0138  0.002929   0.04833       835       416    0.9542    0.9132      0.95     0.646   0.02494   0.00727  0.004934
 285/99998     9.78G   0.03182   0.01401  0.002744   0.04858       868       416    0.9578    0.9141    0.9484    0.6452   0.02504  0.007303  0.005239
 286/99998     9.78G    0.0311   0.01373  0.002803   0.04764       792       416    0.9527    0.9151     0.947    0.6436   0.02508  0.007346  0.005412
 287/99998     9.78G    0.0318   0.01393  0.002656   0.04838       941       416    0.9445    0.9243    0.9495    0.6462   0.02493    0.0073  0.005452
 288/99998     9.78G   0.03148    0.0135  0.002753   0.04773       888       416     0.953    0.9157    0.9491    0.6468   0.02498  0.007292  0.005288
 289/99998     9.78G   0.03162   0.01365  0.002884   0.04815       741       416    0.9478    0.9178    0.9459    0.6451   0.02506  0.007323  0.005364
 290/99998     9.78G   0.03132   0.01378  0.002629   0.04773       858       416    0.9495    0.9157    0.9451    0.6428   0.02513   0.00741  0.005342
 291/99998     9.78G   0.03106   0.01361  0.002554   0.04722       971       416     0.952    0.9092    0.9449     0.642    0.0251  0.007409  0.005371
 292/99998     9.78G   0.03089   0.01354  0.002747   0.04718       865       416    0.9577    0.9103    0.9467    0.6454   0.02494  0.007321   0.00541
 293/99998     9.78G   0.03124   0.01361  0.002654    0.0475       935       416    0.9512    0.9154    0.9474    0.6486   0.02488   0.00728  0.005347
 294/99998     9.78G   0.03097   0.01376  0.002734   0.04746       824       416    0.9529    0.9127    0.9475    0.6486   0.02488  0.007252  0.005375
 295/99998     9.78G   0.03188   0.01393   0.00275   0.04856       847       416    0.9557    0.9156    0.9473    0.6475   0.02487  0.007295  0.005287
 296/99998     9.78G   0.03108    0.0135   0.00267   0.04725       856       416    0.9598     0.909    0.9473     0.646   0.02494  0.007334  0.005186
 297/99998     9.78G   0.03169   0.01373  0.002574   0.04799       830       416    0.9622    0.9064    0.9489    0.6463   0.02492  0.007346  0.005096
 298/99998     9.78G   0.03101   0.01389  0.002406   0.04731       891       416    0.9618    0.9023    0.9481     0.646   0.02485  0.007342   0.00525
 299/99998     9.78G   0.03102   0.01356  0.002682   0.04726       845       416    0.9562    0.9091    0.9474    0.6457   0.02486  0.007331  0.005299
 300/99998     9.78G   0.03109   0.01347  0.002602   0.04715      1002       416    0.9601    0.9087    0.9479     0.644   0.02489  0.007324  0.005388
 301/99998     9.78G   0.03195    0.0139  0.002631   0.04848       847       416    0.9608     0.906    0.9478    0.6463   0.02487  0.007356   0.00525
 302/99998     9.78G   0.03108   0.01368  0.002386   0.04715       877       416    0.9595    0.9089    0.9474    0.6469    0.0248  0.007386  0.005391
 303/99998     9.78G   0.03099    0.0135  0.002542   0.04703       968       416    0.9586    0.9078    0.9448    0.6451   0.02495  0.007432    0.0054
 304/99998     9.78G   0.03139   0.01385  0.002635   0.04788       980       416    0.9588    0.9093    0.9468    0.6478   0.02483  0.007306  0.005487
 305/99998     9.78G   0.03159   0.01379  0.002582   0.04796       848       416    0.9547    0.9101     0.948    0.6488    0.0248    0.0073  0.005437
 306/99998     9.78G   0.03079   0.01346  0.002687   0.04693       885       416    0.9569    0.9054    0.9474    0.6461   0.02487  0.007337  0.005517
 307/99998     9.78G   0.03108   0.01371  0.002838   0.04763       765       416    0.9626    0.9042     0.948    0.6473    0.0248  0.007329  0.005411
 308/99998     9.78G   0.03117   0.01357  0.002651    0.0474       984       416    0.9544    0.9138    0.9462    0.6474   0.02486  0.007327   0.00539
 309/99998     9.78G   0.03118   0.01369  0.002813   0.04768       933       416    0.9505    0.9148    0.9468    0.6468   0.02478  0.007307  0.005326
 310/99998     9.78G   0.03133   0.01375  0.002561   0.04764       927       416    0.9449    0.9206    0.9481    0.6467   0.02477  0.007356  0.005327
 311/99998     9.78G   0.03048   0.01348  0.002559   0.04652       905       416    0.9596    0.9083    0.9492     0.648   0.02475  0.007336    0.0053
 312/99998     9.78G   0.03067   0.01334  0.002608   0.04662       789       416    0.9627    0.9086    0.9488    0.6467   0.02478  0.007318  0.005242
 313/99998     9.78G    0.0315    0.0136  0.002549   0.04765       885       416    0.9635    0.9132    0.9487    0.6488   0.02471  0.007284  0.005241
 314/99998     9.78G   0.03142   0.01369  0.002618   0.04773       824       416    0.9617    0.9139    0.9486    0.6503   0.02463  0.007287  0.005147
 315/99998     9.78G   0.03074   0.01359  0.002815   0.04715       860       416    0.9631    0.9123    0.9466    0.6474   0.02474   0.00735  0.005216
 316/99998     9.78G   0.03122   0.01379  0.002419   0.04742       809       416     0.957    0.9131    0.9459    0.6458   0.02478  0.007355  0.005186
 317/99998     9.78G   0.03085   0.01356  0.002616   0.04702       870       416    0.9587    0.9167     0.949    0.6473    0.0248  0.007328  0.005158
 318/99998     9.78G   0.03124   0.01379  0.002601   0.04763       916       416     0.957    0.9167     0.949    0.6481   0.02471  0.007291  0.005065
 319/99998     9.78G   0.03117   0.01342  0.002591   0.04718       846       416    0.9604    0.9182    0.9485    0.6485   0.02472  0.007336  0.005023
 320/99998     9.78G   0.03089   0.01363  0.002682   0.04721       933       416     0.957    0.9177    0.9484    0.6472   0.02483   0.00735  0.005174
 321/99998     9.78G   0.03108   0.01371  0.002677   0.04746       799       416    0.9668    0.9118    0.9485    0.6472   0.02476  0.007341   0.00541
 322/99998     9.78G    0.0309   0.01362  0.002565   0.04708       849       416    0.9612    0.9153    0.9481    0.6459    0.0248  0.007399  0.005442
 323/99998     9.78G   0.03075    0.0136  0.002696   0.04705       800       416    0.9579    0.9155     0.949    0.6475   0.02474  0.007381   0.00535
 324/99998     9.78G   0.03041   0.01376  0.002477   0.04665       825       416     0.958    0.9138    0.9499     0.648   0.02469  0.007338  0.005241
 325/99998     9.78G   0.03078   0.01349  0.002474   0.04675       881       416    0.9504    0.9167    0.9483    0.6489   0.02467  0.007323  0.005338
 326/99998     9.78G    0.0308    0.0137  0.002486   0.04699       856       416    0.9583    0.9142    0.9495    0.6479   0.02472  0.007287  0.005139
 327/99998     9.78G   0.03139   0.01347  0.002791   0.04765       846       416    0.9539    0.9208     0.949    0.6491   0.02471  0.007299  0.005056
 328/99998     9.78G   0.03073   0.01366  0.002647   0.04703       852       416    0.9617      0.91    0.9493    0.6479   0.02466  0.007291  0.005071
 329/99998     9.78G   0.03169   0.01392  0.002537   0.04815       910       416    0.9517    0.9181    0.9483    0.6456    0.0248  0.007388  0.005219
 330/99998     9.78G   0.03073   0.01365  0.002719   0.04709      1140       416    0.9542    0.9193    0.9487    0.6468   0.02471  0.007331  0.005233
 331/99998     9.78G   0.03099   0.01362  0.002638   0.04725       915       416    0.9624    0.9107    0.9481    0.6481   0.02468  0.007283  0.005261
 332/99998     9.78G   0.03075   0.01339  0.002664    0.0468       799       416    0.9614    0.9112    0.9505    0.6492   0.02466  0.007261  0.005147
 333/99998     9.78G   0.03118   0.01367  0.002731   0.04758       875       416    0.9615    0.9149    0.9498    0.6502    0.0246  0.007272  0.005167
 334/99998     9.78G   0.03134   0.01375  0.002821   0.04791       819       416      0.96    0.9174    0.9486    0.6485   0.02464  0.007325  0.005141
 335/99998     9.78G   0.03105   0.01364   0.00266   0.04734       891       416    0.9618    0.9156    0.9496      0.65   0.02466  0.007329  0.005084
 336/99998     9.78G   0.03161   0.01364  0.002549   0.04781      1099       416    0.9635    0.9135    0.9503    0.6502   0.02463  0.007292  0.004989
 337/99998     9.78G   0.03106   0.01337   0.00246   0.04689       942       416    0.9571    0.9203    0.9504     0.649   0.02458  0.007286  0.005156
 338/99998     9.78G   0.03075   0.01359  0.002491   0.04683       840       416    0.9605    0.9175     0.949    0.6487   0.02464  0.007291  0.005118
 339/99998     9.78G   0.03016   0.01318  0.002641   0.04598       871       416    0.9638    0.9154     0.949    0.6488   0.02464  0.007281  0.005149
 340/99998     9.78G   0.03118   0.01359  0.002557   0.04732       925       416     0.963     0.917    0.9487    0.6475   0.02465  0.007328  0.005125
 341/99998     9.78G    0.0314    0.0137  0.002677   0.04778       915       416    0.9534    0.9201    0.9491    0.6487   0.02464  0.007301  0.005196
 342/99998     9.78G    0.0309    0.0135  0.002501    0.0469       771       416    0.9611    0.9125    0.9482    0.6503   0.02463  0.007297  0.005306
 343/99998     9.78G   0.03163   0.01337  0.002377   0.04737      1072       416    0.9547    0.9175    0.9475     0.649   0.02467  0.007326  0.005424
 344/99998     9.78G   0.03029   0.01367  0.002504   0.04647       740       416    0.9593    0.9121    0.9492    0.6491   0.02466  0.007314  0.005299
 345/99998     9.78G   0.03066   0.01334  0.002621   0.04661       892       416    0.9593    0.9158    0.9502    0.6481   0.02466  0.007297  0.005237
 346/99998     9.78G    0.0312   0.01359  0.002727   0.04751       803       416    0.9577     0.917    0.9503    0.6486   0.02463  0.007279  0.005244
 347/99998     9.78G   0.03117   0.01375  0.002643   0.04756       824       416    0.9577    0.9157    0.9503    0.6493   0.02464  0.007248  0.005178
 348/99998     9.78G   0.03045   0.01364  0.002655   0.04674       827       416    0.9677    0.9064     0.951    0.6494   0.02469  0.007264  0.005261
 349/99998     9.78G   0.03092   0.01356  0.002635   0.04712       866       416    0.9587    0.9118    0.9512    0.6504   0.02471  0.007274  0.005292
 350/99998     9.78G   0.03129   0.01378  0.002631    0.0477       876       416    0.9606    0.9135    0.9524    0.6507   0.02463  0.007291  0.005146
 351/99998     9.78G   0.03115   0.01373  0.002635   0.04752      1139       416    0.9644    0.9092     0.952    0.6509   0.02459  0.007256  0.005143
 352/99998     9.78G   0.03122   0.01371  0.002447   0.04738       762       416    0.9657    0.9083    0.9516    0.6514   0.02454  0.007231  0.005174
 353/99998     9.78G   0.03083   0.01354  0.002525   0.04689       922       416    0.9644     0.911    0.9515    0.6515   0.02448  0.007228  0.005157
 354/99998     9.78G   0.03076   0.01379  0.002412   0.04697       893       416    0.9638    0.9101    0.9503    0.6509   0.02448  0.007244  0.005238
 355/99998     9.78G   0.03086   0.01354  0.002383   0.04678       931       416    0.9584    0.9137     0.949    0.6499   0.02446   0.00724  0.005276
 356/99998     9.78G   0.03116   0.01353  0.002471   0.04716       997       416    0.9604    0.9114    0.9493    0.6495   0.02447  0.007256  0.005199
 357/99998     9.78G    0.0312   0.01367  0.002424   0.04729       739       416    0.9599    0.9137    0.9491    0.6509   0.02446  0.007252  0.005171
 358/99998     9.78G   0.03072   0.01354  0.002512   0.04677       939       416    0.9586    0.9141    0.9488      0.65   0.02447  0.007252  0.005174
 359/99998     9.78G   0.03057   0.01363  0.002322   0.04652       855       416    0.9575    0.9138    0.9499    0.6505   0.02445  0.007244  0.005206
 360/99998     9.78G   0.03081   0.01345  0.002687   0.04695       857       416    0.9572    0.9167    0.9509    0.6519   0.02445  0.007232  0.005166
 361/99998     9.78G   0.03068   0.01356  0.002495   0.04673       930       416    0.9536    0.9185    0.9515    0.6516   0.02446   0.00723  0.005226
 362/99998     9.78G   0.03079   0.01379  0.002617    0.0472       864       416     0.953    0.9204    0.9514    0.6507   0.02443  0.007237  0.005259
 363/99998     9.78G   0.03055   0.01343  0.002522   0.04651       846       416    0.9584    0.9136    0.9512    0.6511   0.02445  0.007214  0.005294
 364/99998     9.78G   0.03027   0.01327  0.002469   0.04601       963       416    0.9517    0.9183    0.9497    0.6522   0.02449   0.00722  0.005379
 365/99998     9.78G   0.03082   0.01335  0.002492   0.04666       876       416    0.9568    0.9132    0.9497    0.6505   0.02449  0.007242  0.005415
 366/99998     9.78G   0.03024   0.01349  0.002461   0.04619       844       416    0.9622    0.9103    0.9507    0.6512   0.02453  0.007245  0.005441
