   0/99998     4.96G   0.05661   0.07715   0.01843    0.1522       190      1280    0.7088    0.2234    0.2075   0.09823   0.03457   0.06243  0.009903
   1/99998     5.87G   0.03978   0.06196   0.01003    0.1118       203      1280    0.6843    0.2905    0.2837    0.1394   0.02993   0.05771  0.007974
   2/99998     5.87G   0.03546   0.05963  0.008804    0.1039       183      1280    0.6465    0.3348    0.3351    0.1695   0.02795    0.0558  0.006977
   3/99998     5.87G     0.032    0.0579  0.007909   0.09781       223      1280    0.5821    0.3591    0.3974    0.2125   0.02663   0.05443  0.005868
   4/99998     5.87G   0.03033   0.05683  0.007147   0.09431        88      1280     0.658    0.3686    0.4276    0.2353   0.02593   0.05369  0.005287
   5/99998     5.87G   0.02933   0.05597  0.006628   0.09193       165      1280    0.6305    0.4213    0.4509    0.2489   0.02554   0.05323  0.004984
   6/99998     5.87G   0.02884   0.05565  0.006398   0.09089       140      1280    0.6263    0.4575    0.4745    0.2638   0.02522   0.05289  0.004808
   7/99998     5.87G   0.02847   0.05525  0.006158   0.08988       117      1280    0.6869    0.4506    0.4877    0.2714   0.02501   0.05267  0.004695
   8/99998     5.87G   0.02815   0.05507  0.006093   0.08931       116      1280    0.7012    0.4511    0.4965    0.2765   0.02485   0.05251  0.004633
   9/99998     5.87G   0.02797   0.05486  0.005936   0.08876       179      1280     0.718    0.4533    0.5025     0.281   0.02474   0.05238  0.004579
  10/99998     5.87G   0.02775   0.05469    0.0059   0.08834       172      1280    0.7289    0.4547    0.5063    0.2834   0.02465   0.05227  0.004539
  11/99998     5.87G   0.02759   0.05451   0.00584   0.08794       142      1280    0.7148    0.4633    0.5085    0.2852   0.02457    0.0522  0.004498
  12/99998     5.87G   0.02747   0.05451  0.005753   0.08773       122      1280    0.7254    0.4614    0.5108    0.2868   0.02452   0.05214  0.004471
  13/99998     5.87G   0.02737   0.05436  0.005757   0.08749       169      1280    0.7242    0.4613    0.5119    0.2876   0.02448    0.0521  0.004449
  14/99998     5.87G   0.02725   0.05426  0.005644   0.08715       181      1280    0.7094    0.4714    0.5138    0.2883   0.02445   0.05206   0.00443
  15/99998     5.87G   0.02718   0.05415  0.005632   0.08696       149      1280     0.736     0.459    0.5153    0.2894   0.02442   0.05203  0.004416
  16/99998     5.87G   0.02708   0.05423  0.005615   0.08692       137      1280    0.7336    0.4619    0.5166    0.2902    0.0244   0.05201  0.004407
  17/99998     5.87G   0.02699   0.05407  0.005587   0.08664       159      1280    0.7336    0.4627    0.5174    0.2913   0.02439   0.05199  0.004397
  18/99998     5.87G   0.02694   0.05406   0.00555   0.08654       168      1280    0.7114    0.4768    0.5188    0.2921   0.02438   0.05198  0.004387
  19/99998     5.87G    0.0268   0.05397  0.005505   0.08628       154      1280    0.6946     0.491    0.5211     0.293   0.02437   0.05197  0.004377
  20/99998     5.87G   0.02677   0.05376  0.005484   0.08602       163      1280    0.7014    0.4883    0.5222    0.2939   0.02436   0.05197  0.004369
  21/99998     5.87G    0.0267    0.0538  0.005513   0.08601       156      1280      0.73     0.473    0.5226    0.2945   0.02436   0.05197  0.004363
  22/99998     5.87G    0.0267   0.05373   0.00546   0.08589       149      1280    0.7187    0.4795    0.5227    0.2948   0.02435   0.05198  0.004356
  23/99998     5.87G   0.02661   0.05386  0.005412   0.08589       230      1280    0.7269    0.4766    0.5238    0.2957   0.02435   0.05198  0.004348
  24/99998     5.87G   0.02656   0.05362  0.005414    0.0856       163      1280    0.7401    0.4688    0.5244    0.2965   0.02434   0.05199  0.004336
  25/99998     5.87G   0.02653   0.05365  0.005368   0.08554       133      1280     0.711    0.4891    0.5262    0.2974   0.02433   0.05199  0.004328
  26/99998     5.87G   0.02648   0.05381  0.005386   0.08568       127      1280    0.7239     0.482     0.527     0.298   0.02432   0.05199  0.004318
  27/99998     5.87G   0.02644   0.05348  0.005354   0.08528       229      1280    0.7611    0.4625     0.527    0.2984    0.0243   0.05199  0.004309
  28/99998     5.87G   0.02643   0.05379  0.005326   0.08555       164      1280    0.7632    0.4614    0.5276     0.299   0.02428   0.05199  0.004297
  29/99998     5.87G    0.0264   0.05373  0.005306   0.08543        89      1280     0.748    0.4703    0.5288    0.2999   0.02427   0.05197  0.004289
  30/99998     5.87G   0.02629   0.05348  0.005298   0.08507       159      1280    0.7499    0.4702    0.5287    0.3001   0.02424   0.05196   0.00428
  31/99998     5.87G   0.02631    0.0537  0.005323   0.08533       118      1280    0.7524    0.4699     0.529    0.3005   0.02422   0.05194  0.004269
  32/99998     5.87G   0.02624   0.05347   0.00529     0.085       188      1280    0.7301    0.4837    0.5298    0.3006   0.02419   0.05192  0.004257
  33/99998     5.87G   0.02623   0.05335  0.005329   0.08491       138      1280    0.7332    0.4837    0.5303    0.3013   0.02416   0.05189  0.004248
  34/99998     5.87G   0.02617   0.05323  0.005247   0.08465        69      1280    0.7484    0.4763    0.5313     0.302   0.02414   0.05187  0.004234
  35/99998     5.87G   0.02617   0.05351  0.005255   0.08493       123      1280     0.753    0.4746    0.5318    0.3026   0.02411   0.05184  0.004224
  36/99998     5.87G   0.02611   0.05336  0.005233   0.08471       166      1280     0.761    0.4721    0.5326     0.303   0.02408   0.05181  0.004216
  37/99998     5.87G   0.02612   0.05329  0.005218   0.08463       166      1280    0.7554    0.4759    0.5334    0.3036   0.02405   0.05178  0.004204
  38/99998     5.87G   0.02606   0.05335  0.005177   0.08459       166      1280    0.7506    0.4792    0.5341    0.3042   0.02402   0.05175  0.004193
  39/99998     5.87G   0.02606    0.0532  0.005151   0.08442       153      1280    0.7563    0.4778    0.5354    0.3046     0.024   0.05172  0.004183
  40/99998     5.87G   0.02603    0.0532  0.005152   0.08438       165      1280    0.7626     0.475    0.5353     0.305   0.02397   0.05168  0.004171
  41/99998     5.87G   0.02598   0.05364  0.005201   0.08482       167      1280    0.7512    0.4809    0.5345     0.305   0.02394   0.05164   0.00416
  42/99998     5.87G   0.02604   0.05328  0.005157   0.08447       176      1280    0.7543    0.4796    0.5348    0.3056   0.02392   0.05161  0.004149
  43/99998     5.87G   0.02595   0.05337  0.005175   0.08449       213      1280    0.7429    0.4875    0.5353    0.3066   0.02389   0.05158  0.004135
  44/99998     5.87G   0.02595   0.05339  0.005148   0.08449       196      1280    0.7594    0.4775    0.5353     0.307   0.02387   0.05154  0.004124
  45/99998     5.87G    0.0259   0.05333  0.005177    0.0844       144      1280    0.7333    0.4935    0.5363    0.3075   0.02384   0.05151  0.004114
  46/99998     5.87G   0.02589   0.05326  0.005185   0.08433       150      1280    0.7321    0.4954    0.5369     0.308   0.02382   0.05148  0.004104
  47/99998     5.87G   0.02587   0.05304  0.005144   0.08405       185      1280     0.759    0.4799    0.5374    0.3082    0.0238   0.05145  0.004097
  48/99998     5.87G   0.02586   0.05324  0.005179   0.08428       156      1280    0.7534     0.483    0.5377    0.3087   0.02378   0.05143  0.004089
  49/99998     5.87G   0.02585   0.05304  0.005194   0.08408       214      1280    0.7375    0.4931     0.538    0.3092   0.02377   0.05142  0.004079
  50/99998     5.87G   0.02584   0.05326  0.005082   0.08418       198      1280    0.7387    0.4939    0.5386    0.3096   0.02374   0.05139  0.004071
  51/99998     5.87G   0.02578   0.05312  0.005111   0.08402       185      1280    0.7455    0.4888    0.5393    0.3099   0.02372   0.05135  0.004065
  52/99998     5.87G   0.02576    0.0531  0.005091   0.08395       152      1280    0.7648    0.4784    0.5398    0.3104    0.0237   0.05132  0.004055
  53/99998     5.87G   0.02578   0.05323   0.00511   0.08412       120      1280    0.7666    0.4785    0.5406    0.3109   0.02368   0.05129  0.004049
  54/99998     5.87G   0.02576   0.05316  0.005118   0.08404       188      1280    0.7658    0.4783    0.5403     0.311   0.02366   0.05126  0.004041
  55/99998     5.87G   0.02571     0.053  0.005095   0.08381       188      1280    0.7707     0.476    0.5411    0.3118   0.02363   0.05124  0.004034
  56/99998     5.87G   0.02573   0.05292  0.005048    0.0837       153      1280    0.7751    0.4749    0.5424    0.3123   0.02362   0.05122  0.004028
  57/99998     5.87G   0.02576   0.05299  0.005087   0.08383       256      1280    0.7761    0.4749    0.5429    0.3125    0.0236   0.05119  0.004019
  58/99998     5.87G   0.02569   0.05296  0.005064   0.08371       167      1280    0.7635    0.4837    0.5438    0.3131   0.02358   0.05117  0.004012
  59/99998     5.87G   0.02569    0.0531  0.005065   0.08386       133      1280     0.773    0.4776    0.5434    0.3132   0.02356   0.05115  0.004003
  60/99998     5.87G   0.02566   0.05313  0.005029   0.08382       190      1280    0.7698    0.4791    0.5438    0.3139   0.02355   0.05113  0.003995
  61/99998     5.87G   0.02566   0.05296  0.005075    0.0837       177      1280     0.747    0.4931    0.5438    0.3137   0.02353    0.0511  0.003985
  62/99998     5.87G   0.02559   0.05318  0.005019    0.0838       149      1280    0.7643    0.4858    0.5446    0.3143   0.02351   0.05108   0.00398
  63/99998     5.87G   0.02559    0.0529  0.005044   0.08353       155      1280     0.761    0.4893    0.5455    0.3148    0.0235   0.05106  0.003973
  64/99998     5.87G   0.02557   0.05303  0.005039   0.08363       191      1280    0.7727     0.482    0.5456     0.315   0.02349   0.05104  0.003968
  65/99998     5.87G    0.0256   0.05287  0.005055   0.08352       143      1280    0.7583    0.4895    0.5457    0.3153   0.02348   0.05103  0.003964
  66/99998     5.87G   0.02556   0.05297  0.004978   0.08351       196      1280    0.7716    0.4832    0.5465    0.3159   0.02347   0.05101  0.003958
  67/99998     5.87G   0.02561     0.053   0.00502   0.08364       180      1280    0.7658    0.4866    0.5476     0.316   0.02346     0.051  0.003952
  68/99998     5.87G   0.02555   0.05288  0.005013   0.08345       200      1280    0.7804    0.4786    0.5472    0.3159   0.02345   0.05099  0.003949
  69/99998     5.87G   0.02552   0.05292  0.004987   0.08343       204      1280    0.7506    0.4966    0.5478    0.3162   0.02344   0.05098  0.003945
  70/99998     5.87G   0.02554   0.05305  0.005044   0.08364       222      1280    0.7613    0.4919    0.5482    0.3161   0.02343   0.05097  0.003941
  71/99998     5.87G   0.02558   0.05296  0.005027   0.08357       170      1280    0.7626    0.4914    0.5483    0.3164   0.02342   0.05096  0.003938
  72/99998     5.87G   0.02553   0.05285  0.005011   0.08339        80      1280    0.7591    0.4943    0.5485    0.3166   0.02341   0.05095  0.003932
  73/99998     5.87G   0.02555    0.0528  0.004988   0.08333       155      1280    0.7599    0.4944    0.5487    0.3166   0.02341   0.05094  0.003927
  74/99998     5.87G   0.02552   0.05274  0.004963   0.08322       176      1280    0.7815    0.4825     0.549    0.3168    0.0234   0.05094  0.003921
  75/99998     5.87G   0.02549   0.05286  0.005001   0.08335       221      1280    0.7664    0.4917    0.5498    0.3172   0.02339   0.05092  0.003915
  76/99998     5.87G   0.02551   0.05285  0.005013   0.08337       139      1280    0.7693    0.4906    0.5502    0.3171   0.02338   0.05092  0.003907
  77/99998     5.87G   0.02548   0.05284  0.004935   0.08325       132      1280    0.7807    0.4842    0.5503    0.3171   0.02338    0.0509  0.003905
  78/99998     5.87G   0.02546   0.05285  0.005008   0.08331       218      1280    0.7784    0.4852    0.5504     0.317   0.02337   0.05089  0.003903
  79/99998     5.87G   0.02544   0.05272  0.004986   0.08314       170      1280    0.7691    0.4907    0.5502    0.3171   0.02336   0.05088  0.003901
  80/99998     5.87G   0.02546   0.05278   0.00496    0.0832       161      1280    0.7677    0.4923    0.5503    0.3172   0.02336   0.05088  0.003899
  81/99998     5.87G   0.02543    0.0527  0.005013   0.08315       158      1280    0.7641    0.4949    0.5507    0.3173   0.02335   0.05088  0.003897
  82/99998     5.87G   0.02537   0.05271  0.004932   0.08301       209      1280    0.7851    0.4833    0.5511    0.3172   0.02335   0.05087  0.003894
  83/99998     5.87G   0.02543    0.0528  0.004944   0.08317       142      1280    0.7693    0.4914    0.5505    0.3175   0.02334   0.05086  0.003893
  84/99998     5.87G   0.02541   0.05263  0.004936   0.08298       155      1280    0.7649    0.4934    0.5509    0.3177   0.02333   0.05085  0.003891
  85/99998     5.87G   0.02537   0.05276  0.004921   0.08305       137      1280    0.7707    0.4897    0.5509    0.3176   0.02333   0.05085  0.003888
  86/99998     5.87G    0.0254   0.05276  0.004956   0.08311       244      1280    0.7706    0.4898    0.5506    0.3175   0.02332   0.05084  0.003886
  87/99998     5.87G   0.02542    0.0528  0.004895   0.08312        94      1280    0.7677    0.4922     0.551    0.3176   0.02332   0.05083  0.003884
  88/99998     5.87G    0.0254   0.05279  0.004922   0.08311       112      1280    0.7757    0.4864     0.551    0.3181   0.02331   0.05082  0.003883
  89/99998     5.87G   0.02539   0.05287  0.004917   0.08318       250      1280    0.7818    0.4842    0.5518    0.3181    0.0233   0.05082   0.00388
  90/99998     5.87G   0.02534   0.05267  0.004904   0.08292       129      1280    0.7783    0.4863    0.5524    0.3182    0.0233   0.05082  0.003878
  91/99998     5.87G   0.02536   0.05266  0.004905   0.08293       144      1280    0.7826    0.4851     0.553    0.3187   0.02329   0.05081  0.003873
  92/99998     5.87G   0.02539   0.05268  0.004892   0.08297       135      1280    0.7568    0.5009    0.5534    0.3184   0.02329    0.0508  0.003868
  93/99998     5.87G    0.0254   0.05271  0.004937   0.08305        72      1280    0.7652     0.497    0.5543    0.3192   0.02328   0.05079  0.003865
  94/99998     5.87G   0.02533   0.05271   0.00496     0.083       167      1280    0.7728    0.4918    0.5541    0.3196   0.02328   0.05079  0.003861
  95/99998     5.87G   0.02538   0.05261  0.004916   0.08291       195      1280    0.7576    0.5007    0.5544    0.3196   0.02327   0.05078  0.003858
  96/99998     5.87G   0.02536   0.05275  0.004946   0.08305       122      1280    0.7629    0.4993    0.5552    0.3199   0.02327   0.05078  0.003855
  97/99998     5.87G   0.02532   0.05251  0.004877   0.08271       153      1280    0.7871    0.4839    0.5537      0.32   0.02327   0.05077  0.003852
  98/99998     5.87G   0.02532   0.05265  0.004882   0.08286       113      1280    0.7864    0.4846    0.5543    0.3202   0.02326   0.05077   0.00385
  99/99998     5.87G    0.0253   0.05255  0.004886   0.08273       109      1280    0.7878    0.4844    0.5546    0.3202   0.02326   0.05076   0.00385
 100/99998     5.87G   0.02531   0.05265  0.004927   0.08288       180      1280    0.7572    0.5011    0.5545    0.3204   0.02325   0.05075   0.00385
 101/99998     5.87G   0.02535    0.0526  0.004839   0.08279       151      1280    0.7606       0.5    0.5546    0.3206   0.02325   0.05075  0.003848
 102/99998     5.87G   0.02529   0.05258  0.004875   0.08274       161      1280    0.7675    0.4962    0.5549    0.3205   0.02325   0.05075  0.003845
 103/99998     5.87G   0.02527   0.05252  0.004901    0.0827       243      1280    0.7693     0.497    0.5549    0.3208   0.02324   0.05074  0.003842
 104/99998     5.87G   0.02529   0.05262   0.00487   0.08278       158      1280    0.7546    0.5051    0.5547    0.3207   0.02324   0.05074  0.003841
 105/99998     5.87G   0.02531   0.05274  0.004873   0.08292       172      1280    0.7662    0.4992     0.555    0.3205   0.02324   0.05073  0.003841
 106/99998     5.87G   0.02528   0.05258  0.004917   0.08277       109      1280    0.7601    0.5005    0.5543    0.3202   0.02323   0.05073   0.00384
 107/99998     5.87G   0.02529   0.05269  0.004852   0.08283       118      1280    0.7557    0.5033    0.5541    0.3204   0.02323   0.05073  0.003838
 108/99998     5.87G   0.02521   0.05246  0.004845   0.08252       135      1280    0.7633    0.4992    0.5544    0.3207   0.02322   0.05072  0.003838
 109/99998     5.87G   0.02526   0.05258  0.004913   0.08275       107      1280    0.7645    0.4994    0.5549    0.3209   0.02322   0.05072  0.003835
 110/99998     5.87G   0.02526    0.0526   0.00486   0.08272       172      1280    0.7713    0.4945    0.5543    0.3209   0.02321   0.05071  0.003832
 111/99998     5.87G   0.02523   0.05277  0.004873   0.08287       207      1280    0.7658    0.4984    0.5547    0.3209   0.02321   0.05071  0.003828
 112/99998     5.87G   0.02525   0.05247  0.004867   0.08259       171      1280     0.767    0.4989    0.5546    0.3209    0.0232   0.05071  0.003825
 113/99998     5.87G   0.02529   0.05253  0.004946   0.08277       216      1280    0.7695    0.4984    0.5553    0.3209    0.0232    0.0507  0.003823
 114/99998     5.87G   0.02525   0.05247  0.004838   0.08256       147      1280    0.7662    0.4992     0.555    0.3206    0.0232    0.0507  0.003823
 115/99998     5.87G   0.02525   0.05261  0.004838    0.0827       112      1280    0.7676    0.4976    0.5549    0.3209   0.02319   0.05069  0.003823
 116/99998     5.87G   0.02524   0.05259  0.004911   0.08274       153      1280    0.7633    0.5006    0.5551    0.3208   0.02319   0.05069  0.003822
 117/99998     5.87G   0.02523   0.05254   0.00484   0.08261       150      1280    0.7733    0.4952    0.5553    0.3206   0.02319   0.05068  0.003819
 118/99998     5.87G   0.02524   0.05271  0.004857   0.08281       146      1280      0.76    0.5031     0.555    0.3208   0.02319   0.05068  0.003818
 119/99998     5.87G   0.02528   0.05279  0.004913   0.08298       109      1280    0.7652    0.4992    0.5551    0.3212   0.02318   0.05068  0.003818
 120/99998     5.87G   0.02521   0.05271  0.004824   0.08275        96      1280    0.7582    0.5054    0.5555     0.321   0.02318   0.05068  0.003818
 121/99998     5.87G   0.02524   0.05254  0.004884   0.08265       162      1280    0.7615    0.5021    0.5555    0.3212   0.02318   0.05067  0.003815
 122/99998     5.87G   0.02517   0.05252  0.004872   0.08256       156      1280    0.7871    0.4868    0.5557     0.321   0.02318   0.05067  0.003813
 123/99998     5.87G   0.02513   0.05255  0.004801   0.08247       148      1280    0.7829    0.4894    0.5551    0.3219   0.02317   0.05067  0.003809
 124/99998     5.87G   0.02519   0.05243  0.004856   0.08248       106      1280    0.7668    0.4972    0.5552    0.3221   0.02317   0.05067  0.003807
 125/99998     5.87G    0.0252   0.05242  0.004847   0.08247       172      1280     0.767    0.4987    0.5557    0.3223   0.02316   0.05066  0.003804
 126/99998     5.87G   0.02517   0.05271   0.00484   0.08272       178      1280     0.765    0.4996    0.5557    0.3227   0.02316   0.05066  0.003802
 127/99998     5.87G   0.02522   0.05263   0.00481   0.08266       148      1280    0.7675    0.4971    0.5554    0.3229   0.02316   0.05066  0.003799
 128/99998     5.87G   0.02521   0.05251  0.004825   0.08254       137      1280    0.7684    0.4953     0.555    0.3225   0.02316   0.05066  0.003798
 129/99998     5.87G   0.02517   0.05252  0.004863   0.08255       137      1280     0.782    0.4887     0.555    0.3218   0.02316   0.05066  0.003796
 130/99998     5.87G   0.02518    0.0525  0.004829    0.0825       124      1280    0.7842    0.4865     0.555    0.3219   0.02316   0.05065  0.003794
 131/99998     5.87G   0.02517   0.05248  0.004818   0.08246       162      1280    0.7944    0.4818    0.5553    0.3216   0.02315   0.05065  0.003792
 132/99998     5.87G   0.02518   0.05245   0.00477    0.0824       169      1280    0.7975    0.4807    0.5555    0.3216   0.02315   0.05065  0.003793
 133/99998     5.87G   0.02514   0.05269  0.004803   0.08263       162      1280    0.7963    0.4804     0.555    0.3221   0.02315   0.05065  0.003794
 134/99998     5.87G   0.02514   0.05248   0.00486   0.08248       145      1280    0.7958    0.4813     0.556    0.3222   0.02315   0.05065  0.003794
 135/99998     5.87G   0.02516   0.05242  0.004835   0.08241       137      1280    0.7596    0.5001    0.5555     0.322   0.02315   0.05065  0.003796
 136/99998     5.87G   0.02514   0.05248  0.004806   0.08242       150      1280     0.789    0.4822    0.5547    0.3215   0.02314   0.05064  0.003794
 137/99998     5.87G   0.02513   0.05258  0.004806   0.08251       164      1280    0.7576    0.5015    0.5554    0.3218   0.02314   0.05064  0.003792
 138/99998     5.87G   0.02514   0.05233  0.004842   0.08231       111      1280    0.7695    0.4949    0.5557    0.3219   0.02314   0.05064  0.003792
 139/99998     5.87G   0.02517    0.0525  0.004842   0.08251       264      1280     0.782    0.4888    0.5557    0.3221   0.02314   0.05064  0.003792
 140/99998     5.87G   0.02517   0.05251  0.004867   0.08255       139      1280    0.7628    0.5016     0.556     0.322   0.02314   0.05064  0.003791
 141/99998     5.87G   0.02514   0.05232  0.004776   0.08224       174      1280    0.7724    0.4948    0.5559    0.3222   0.02313   0.05063  0.003789
 142/99998     5.87G   0.02516   0.05235  0.004832   0.08233       168      1280    0.7551    0.5033    0.5551    0.3222   0.02313   0.05064  0.003787
 143/99998     5.87G   0.02509   0.05235  0.004795   0.08223       155      1280     0.781    0.4895    0.5559    0.3224   0.02313   0.05063  0.003786
 144/99998     5.87G   0.02512   0.05264   0.00478   0.08253       147      1280    0.7861    0.4861    0.5555    0.3222   0.02313   0.05063  0.003784
 145/99998     5.87G   0.02514   0.05253  0.004778   0.08244       108      1280    0.7605    0.5005    0.5557    0.3222   0.02313   0.05062  0.003786
 146/99998     5.87G   0.02509   0.05256   0.00481   0.08246       213      1280    0.7739    0.4925    0.5553     0.322   0.02312   0.05062  0.003789
 147/99998     5.87G   0.02508   0.05246  0.004796   0.08233       214      1280    0.7726    0.4939     0.556    0.3222   0.02312   0.05062  0.003788
 148/99998     5.87G    0.0251   0.05229   0.00478   0.08217       177      1280    0.7687    0.4953    0.5562    0.3224   0.02312   0.05062  0.003789
 149/99998     5.87G   0.02514    0.0524  0.004812   0.08235       177      1280    0.7706    0.4943    0.5562    0.3225   0.02311   0.05061  0.003791
 150/99998     5.87G   0.02514    0.0525  0.004785   0.08242       164      1280    0.7645    0.5004     0.557    0.3224   0.02311   0.05061  0.003791
 151/99998     5.87G   0.02508   0.05226  0.004777   0.08212       170      1280     0.753     0.506    0.5564    0.3229   0.02311    0.0506  0.003792
 152/99998     5.87G   0.02507   0.05245  0.004781    0.0823       190      1280    0.7611    0.5015    0.5559    0.3225   0.02311    0.0506  0.003792
 153/99998     5.87G    0.0251   0.05258  0.004775   0.08246       182      1280    0.7627    0.5006    0.5561    0.3225   0.02311   0.05059   0.00379
 154/99998     5.87G   0.02507   0.05232  0.004717   0.08211       159      1280     0.739    0.5141    0.5561    0.3226   0.02311   0.05059  0.003789
 155/99998     5.87G   0.02508   0.05242  0.004815   0.08232       178      1280     0.748     0.509    0.5568    0.3231   0.02311   0.05059  0.003789
 156/99998     5.87G   0.02504   0.05244  0.004715    0.0822       137      1280    0.7445    0.5102    0.5567    0.3234   0.02311   0.05059  0.003792
 157/99998     5.87G   0.02511   0.05251   0.00481   0.08243       164      1280    0.7525    0.5045    0.5573     0.324   0.02311   0.05058  0.003792
 158/99998     5.87G   0.02507    0.0525  0.004791   0.08236       148      1280    0.7632    0.4986    0.5572    0.3241    0.0231   0.05058  0.003793
 159/99998     5.87G   0.02504   0.05233  0.004751   0.08212       165      1280    0.7646    0.4981    0.5583    0.3245    0.0231   0.05058  0.003793
 160/99998     5.87G   0.02509   0.05254  0.004772   0.08239       153      1280    0.7627    0.4993    0.5572    0.3237    0.0231   0.05057  0.003794
 161/99998     5.87G   0.02508   0.05239  0.004751   0.08222       171      1280    0.7568    0.5024    0.5567    0.3236   0.02309   0.05057  0.003795
 162/99998     5.87G   0.02505   0.05238  0.004787   0.08222       107      1280    0.7539    0.5024    0.5567    0.3236   0.02309   0.05057  0.003793
 163/99998     5.87G   0.02501   0.05215  0.004728   0.08189       269      1280    0.7464    0.5074    0.5568    0.3235   0.02309   0.05057  0.003793
 164/99998     5.87G   0.02501   0.05233  0.004768   0.08211       124      1280    0.7589    0.5005    0.5579    0.3245   0.02309   0.05056  0.003793
 165/99998     5.87G   0.02506   0.05234  0.004752   0.08215        95      1280    0.7568    0.5042    0.5576     0.324   0.02309   0.05056   0.00379
 166/99998     5.87G   0.02504   0.05245  0.004793   0.08228       228      1280    0.7596    0.5026    0.5572    0.3238   0.02309   0.05057  0.003787
 167/99998     5.87G   0.02508   0.05237  0.004803   0.08225       208      1280    0.7689    0.4976    0.5568    0.3238   0.02309   0.05057  0.003786
 168/99998     5.87G   0.02502   0.05241  0.004752   0.08219       186      1280    0.7623     0.502    0.5578    0.3239   0.02309   0.05057  0.003785
 169/99998     5.87G   0.02509   0.05241  0.004807    0.0823        93      1280    0.7681    0.4986    0.5581    0.3244   0.02309   0.05057  0.003784
 170/99998     5.87G   0.02505   0.05232  0.004769   0.08214       183      1280    0.7621    0.5007    0.5576    0.3237   0.02308   0.05057  0.003783
 171/99998     5.87G   0.02506   0.05247   0.00472   0.08225       244      1280    0.7563    0.5049    0.5582    0.3238   0.02308   0.05056  0.003782
 172/99998     5.87G   0.02503   0.05234  0.004705   0.08208       171      1280    0.7631    0.5016    0.5587    0.3239   0.02308   0.05056  0.003782
 173/99998     5.87G   0.02499   0.05224  0.004745   0.08197       147      1280    0.7558    0.5051    0.5587    0.3239   0.02308   0.05056  0.003783
 174/99998     5.87G   0.02502   0.05223  0.004719   0.08197       168      1280    0.7561    0.5052    0.5584    0.3241   0.02308   0.05056  0.003785
 175/99998     5.87G   0.02503   0.05238  0.004735   0.08215       182      1280    0.7673     0.499    0.5588    0.3241   0.02307   0.05056  0.003785
 176/99998     5.87G   0.02502   0.05241   0.00471   0.08214       143      1280    0.7747    0.4964    0.5587    0.3237   0.02307   0.05056  0.003786
 177/99998     5.87G   0.02504   0.05254  0.004744   0.08233       177      1280     0.776    0.4943    0.5583    0.3236   0.02307   0.05056  0.003787
 178/99998     5.87G   0.02506   0.05233  0.004806    0.0822       124      1280    0.7779    0.4919    0.5574    0.3235   0.02308   0.05056  0.003786
 179/99998     5.87G     0.025    0.0524  0.004724   0.08212       157      1280    0.7758    0.4928    0.5575    0.3235   0.02308   0.05056  0.003784
 180/99998     5.87G   0.02504   0.05239   0.00476   0.08219       126      1280    0.7658    0.4975    0.5576    0.3232   0.02308   0.05056  0.003784
 181/99998     5.87G   0.02502   0.05238  0.004735   0.08213       147      1280    0.7665    0.4979     0.558    0.3236   0.02308   0.05056  0.003782
 182/99998     5.87G   0.02503   0.05242  0.004742   0.08219       187      1280    0.7602    0.5017    0.5577    0.3236   0.02308   0.05056  0.003785
 183/99998     5.87G   0.02504   0.05225  0.004727   0.08202       241      1280    0.7564    0.5037    0.5585    0.3235   0.02308   0.05056  0.003789
 184/99998     5.87G   0.02502   0.05238  0.004799   0.08219       153      1280    0.7653    0.4983    0.5583    0.3235   0.02308   0.05056  0.003788
 185/99998     5.87G   0.02507   0.05242  0.004741   0.08222       172      1280    0.7658    0.4979    0.5578    0.3233   0.02308   0.05056  0.003787
 186/99998     5.87G   0.02496   0.05232  0.004743   0.08202       103      1280    0.7684    0.4977    0.5584    0.3235   0.02307   0.05056  0.003785
 187/99998     5.87G   0.02501    0.0522  0.004748   0.08196       167      1280    0.7582    0.5035    0.5582    0.3231   0.02307   0.05056  0.003781
 188/99998     5.87G   0.02503   0.05243  0.004727   0.08219       191      1280    0.7554     0.506    0.5594    0.3241   0.02307   0.05056  0.003778
 189/99998     5.87G   0.02501   0.05238  0.004735   0.08213       188      1280    0.7689    0.4965    0.5592     0.324   0.02307   0.05055  0.003775
 190/99998     5.87G   0.02501    0.0524  0.004744   0.08215       138      1280    0.7633    0.5003    0.5596    0.3241   0.02306   0.05055  0.003773
 191/99998     5.87G     0.025   0.05212  0.004725   0.08184        84      1280    0.7689    0.4984    0.5574     0.323   0.02306   0.05055  0.003775
 192/99998     5.87G   0.02495   0.05215  0.004705   0.08181       169      1280    0.7798    0.4915    0.5576    0.3231   0.02306   0.05055  0.003772
 193/99998     5.87G   0.02495   0.05247  0.004767   0.08219       175      1280    0.7668    0.4992    0.5574    0.3232   0.02306   0.05055  0.003771
 194/99998     5.87G   0.02501    0.0524  0.004707   0.08212       131      1280    0.7738    0.4955    0.5573    0.3229   0.02306   0.05055  0.003771
 195/99998     5.87G   0.02495   0.05217  0.004758   0.08188       138      1280    0.7692     0.497     0.558    0.3229   0.02306   0.05056  0.003773
 196/99998     5.87G   0.02502    0.0523   0.00476   0.08208       172      1280    0.7722     0.494    0.5568     0.323   0.02306   0.05056  0.003773
 197/99998     5.87G   0.02499   0.05237  0.004719   0.08208       135      1280    0.7802    0.4899     0.557    0.3229   0.02306   0.05056  0.003774
 198/99998     5.87G   0.02498   0.05211  0.004707    0.0818       163      1280    0.7621    0.4992    0.5565     0.323   0.02306   0.05056  0.003772
 199/99998     5.87G   0.02499   0.05234  0.004708   0.08203       166      1280    0.7891    0.4827    0.5571    0.3232   0.02306   0.05056  0.003772
 200/99998     5.87G   0.02495   0.05218  0.004659   0.08179       125      1280    0.7742    0.4904    0.5566    0.3233   0.02306   0.05056  0.003771
 201/99998     5.87G   0.02497   0.05237  0.004754   0.08209       178      1280    0.7874    0.4841    0.5569    0.3232   0.02306   0.05056   0.00377
 202/99998     5.87G   0.02498   0.05217  0.004715   0.08187       104      1280    0.7703    0.4934    0.5574    0.3236   0.02306   0.05056  0.003769
 203/99998     5.87G     0.025   0.05231   0.00474   0.08205       245      1280    0.7776    0.4897    0.5573    0.3234   0.02306   0.05056  0.003768
 204/99998     5.87G   0.02495   0.05225  0.004725   0.08192       153      1280    0.7759    0.4911    0.5585    0.3236   0.02305   0.05056  0.003765
 205/99998     5.87G   0.02496    0.0523  0.004688   0.08195       201      1280    0.7809    0.4883     0.559     0.324   0.02305   0.05056  0.003766
 206/99998     5.87G     0.025   0.05231  0.004778   0.08209       122      1280    0.7808     0.488    0.5588     0.324   0.02305   0.05056  0.003765
 207/99998     5.87G   0.02499   0.05239  0.004709   0.08209       133      1280    0.7634    0.4997     0.558    0.3238   0.02305   0.05056  0.003763
 208/99998     5.87G   0.02496   0.05237  0.004747   0.08207        98      1280    0.7696    0.4954    0.5577     0.324   0.02305   0.05056   0.00376
 209/99998     5.87G   0.02497    0.0523   0.00468   0.08195       212      1280    0.7774    0.4939    0.5586    0.3247   0.02305   0.05055  0.003758
 210/99998     5.87G   0.02493   0.05225  0.004709   0.08189        95      1280    0.7431    0.5137    0.5579     0.324   0.02304   0.05055  0.003755
 211/99998     5.87G   0.02497   0.05218  0.004673   0.08183       195      1280    0.7453    0.5127    0.5574     0.324   0.02304   0.05055  0.003755
 212/99998     5.87G   0.02495   0.05227  0.004711   0.08194       154      1280    0.7658    0.4996    0.5577    0.3238   0.02304   0.05055  0.003755
 213/99998     5.87G   0.02499   0.05212  0.004741   0.08186       150      1280    0.7674    0.4995    0.5574    0.3239   0.02304   0.05055  0.003759
 214/99998     5.87G   0.02501   0.05232  0.004751   0.08208       137      1280    0.7496     0.512    0.5578    0.3238   0.02304   0.05054  0.003758
 215/99998     5.87G   0.02499   0.05225   0.00472   0.08196       194      1280     0.748    0.5118    0.5574    0.3237   0.02304   0.05054  0.003756
 216/99998     5.87G   0.02496   0.05223  0.004668   0.08186       121      1280    0.7415    0.5178    0.5578    0.3239   0.02303   0.05054  0.003752
 217/99998     5.87G   0.02494   0.05226  0.004697    0.0819       142      1280    0.7662    0.5016     0.558     0.324   0.02303   0.05054  0.003753
 218/99998     5.87G   0.02487   0.05217  0.004657    0.0817       192      1280    0.7658    0.5017    0.5583    0.3242   0.02303   0.05054  0.003753
 219/99998     5.87G   0.02494   0.05237  0.004732   0.08204       195      1280    0.7386    0.5173    0.5581    0.3242   0.02303   0.05053  0.003749
 220/99998     5.87G   0.02496   0.05217  0.004757   0.08189       136      1280    0.7634    0.5015    0.5585    0.3244   0.02303   0.05053  0.003746
 221/99998     5.87G   0.02491   0.05211  0.004696   0.08171       160      1280    0.7442     0.514    0.5588    0.3247   0.02303   0.05053  0.003745
 222/99998     5.87G   0.02493    0.0522  0.004677    0.0818       112      1280    0.7595    0.5053    0.5592    0.3248   0.02303   0.05052  0.003747
 223/99998     5.87G   0.02497   0.05218  0.004677   0.08183       170      1280    0.7534    0.5079    0.5591    0.3249   0.02303   0.05053  0.003748
 224/99998     5.87G   0.02491   0.05231  0.004681    0.0819       190      1280     0.759    0.5045    0.5588    0.3248   0.02303   0.05052  0.003749
 225/99998     5.87G   0.02496   0.05228  0.004641   0.08188       117      1280    0.7507    0.5106    0.5587    0.3248   0.02303   0.05052  0.003749
 226/99998     5.87G   0.02492   0.05221  0.004684   0.08182       212      1280     0.752    0.5121    0.5586    0.3249   0.02303   0.05051  0.003747
 227/99998     5.87G   0.02496   0.05217  0.004701   0.08183       118      1280    0.7547    0.5104     0.559     0.325   0.02303   0.05052  0.003745
 228/99998     5.87G   0.02492   0.05223   0.00468   0.08183       142      1280    0.7721    0.4993    0.5593    0.3252   0.02303   0.05052  0.003744
 229/99998     5.87G   0.02493   0.05216  0.004656   0.08174       144      1280    0.7661    0.5033    0.5597    0.3251   0.02303   0.05052  0.003743
 230/99998     5.87G   0.02492   0.05226  0.004746   0.08192       152      1280     0.769     0.502      0.56    0.3253   0.02302   0.05052  0.003742
 231/99998     5.87G   0.02487   0.05227  0.004698   0.08184       129      1280    0.7499    0.5149    0.5598    0.3253   0.02302   0.05052   0.00374
 232/99998     5.87G   0.02495    0.0522   0.00469   0.08183       257      1280    0.7635     0.506    0.5596    0.3253   0.02302   0.05052  0.003739
 233/99998     5.87G   0.02492   0.05218  0.004682   0.08177       183      1280    0.7729    0.5004    0.5588    0.3251   0.02302   0.05052  0.003738
 234/99998     5.87G   0.02492   0.05213  0.004626   0.08168       160      1280    0.7594    0.5083    0.5587    0.3252   0.02302   0.05052  0.003738
 235/99998     5.87G   0.02491   0.05235  0.004715   0.08197       243      1280    0.7676    0.5028    0.5581    0.3252   0.02302   0.05052   0.00374
 236/99998     5.87G   0.02492   0.05214  0.004692   0.08174       141      1280    0.7715    0.5013    0.5589     0.325   0.02302   0.05052   0.00374
 237/99998     5.87G   0.02488   0.05226  0.004691   0.08183       107      1280    0.7511    0.5142    0.5591    0.3254   0.02302   0.05052  0.003742
 238/99998     5.87G    0.0249   0.05215  0.004689   0.08174       182      1280    0.7603     0.508    0.5593     0.325   0.02302   0.05052  0.003743
 239/99998     5.87G   0.02495   0.05217  0.004702   0.08182       182      1280    0.7699    0.5022    0.5594    0.3253   0.02302   0.05053  0.003745
 240/99998     5.87G   0.02488   0.05223  0.004686   0.08179       111      1280    0.7616     0.509    0.5593    0.3252   0.02302   0.05053  0.003746
 241/99998     5.87G    0.0249   0.05215  0.004688   0.08174       134      1280    0.7595      0.51     0.558     0.325   0.02302   0.05053  0.003749
 242/99998     5.87G    0.0249   0.05213   0.00469   0.08172       173      1280     0.768    0.5035    0.5578    0.3248   0.02302   0.05053  0.003752
 243/99998     5.87G   0.02488   0.05233  0.004666   0.08188       174      1280    0.7594    0.5089    0.5582    0.3249   0.02302   0.05052  0.003752
 244/99998     5.87G    0.0249   0.05218  0.004695   0.08178       173      1280    0.7718    0.5007    0.5584    0.3246   0.02302   0.05052  0.003753
 245/99998     5.87G    0.0249   0.05227  0.004665   0.08184       122      1280    0.7655    0.5025    0.5583    0.3244   0.02301   0.05052  0.003754
 246/99998     5.87G   0.02489   0.05216  0.004649   0.08169       177      1280    0.7545    0.5104    0.5584    0.3248   0.02301   0.05052  0.003753
 247/99998     5.87G   0.02491   0.05223  0.004719   0.08186       172      1280    0.7733    0.4996    0.5586    0.3248   0.02301   0.05052  0.003751
 248/99998     5.87G   0.02496   0.05226  0.004721   0.08195       114      1280    0.7693     0.503    0.5596     0.325   0.02301   0.05051  0.003749
 249/99998     5.87G    0.0249   0.05222  0.004641   0.08176       141      1280    0.7685    0.5042    0.5592    0.3249   0.02301   0.05051  0.003747
 250/99998     5.87G    0.0249    0.0521  0.004692    0.0817       164      1280     0.767    0.5042     0.559    0.3247     0.023   0.05051  0.003744
 251/99998     5.87G   0.02491   0.05232  0.004696   0.08192       200      1280     0.757    0.5093    0.5582    0.3249   0.02301   0.05051  0.003742
 252/99998     5.87G   0.02496   0.05226   0.00468    0.0819       157      1280    0.7682    0.5034    0.5586    0.3251     0.023   0.05051  0.003736
 253/99998     5.87G   0.02492   0.05223  0.004653   0.08181       149      1280    0.7598    0.5081    0.5586    0.3245     0.023   0.05051  0.003732
 254/99998     5.87G   0.02493   0.05213  0.004696   0.08175       153      1280    0.7717    0.5006    0.5588    0.3247     0.023   0.05051  0.003729
 255/99998     5.87G   0.02484   0.05205  0.004686   0.08158       176      1280     0.774    0.4997    0.5588    0.3248     0.023   0.05051  0.003727
 256/99998     5.87G   0.02491   0.05232  0.004678   0.08191       142      1280    0.7801    0.4973    0.5587    0.3249     0.023   0.05051  0.003724
 257/99998     5.87G   0.02488   0.05212   0.00468   0.08168       139      1280    0.7725    0.5013    0.5593    0.3249     0.023   0.05051  0.003723
 258/99998     5.87G   0.02489   0.05216  0.004655   0.08171       167      1280    0.7479    0.5154    0.5598    0.3251     0.023   0.05051  0.003723
 259/99998     5.87G   0.02485   0.05221  0.004649   0.08171       182      1280    0.7613    0.5063    0.5593    0.3248   0.02299   0.05051  0.003724
 260/99998     5.87G   0.02485   0.05214  0.004682   0.08167       213      1280    0.7603     0.508    0.5596    0.3249   0.02299   0.05051  0.003724
 261/99998     5.87G   0.02491   0.05219  0.004657   0.08176       149      1280    0.7768    0.4973    0.5594    0.3251   0.02299   0.05051  0.003724
 262/99998     5.87G   0.02488    0.0522  0.004658   0.08173       141      1280     0.755    0.5117    0.5603    0.3253   0.02299   0.05051  0.003725
 263/99998     5.87G    0.0249   0.05226   0.00466   0.08182       180      1280    0.7558     0.511    0.5599    0.3249   0.02299   0.05051  0.003725
