   0/99998     9.67G    0.1037   0.02396   0.02635     0.154       812       320  0.001795    0.3885 0.0008765 0.0001442   0.09024    0.0172   0.02368
   1/99998      5.8G   0.09946   0.02468   0.02351    0.1476      1125       320  0.001784     0.259  0.000722 0.0001192   0.09032   0.01718   0.02347
   2/99998      5.8G   0.09804   0.02467   0.02341    0.1461       821       320  0.001882    0.2611 0.0007862 0.0001301   0.09023   0.01727    0.0235
   3/99998      5.8G   0.09632   0.02547   0.02321     0.145       881       320  0.001822    0.2645  0.001017 0.0001706   0.09003    0.0174    0.0235
   4/99998      5.8G   0.09239   0.02724   0.02328    0.1429       707       320  0.005209    0.1607  0.006253  0.001149   0.08993   0.01749   0.02354
   5/99998      5.8G   0.08902   0.02784   0.02316      0.14       868       320   0.05763   0.05902    0.0211  0.005331   0.08597   0.01833   0.02369
   6/99998      5.8G   0.08617   0.02867   0.02278    0.1376       901       320   0.04958    0.1017    0.0183   0.00439   0.07632   0.02005   0.02316
   7/99998      5.8G   0.08319   0.02908   0.02244    0.1347       792       320    0.1044    0.0643   0.04104  0.007826   0.07357   0.02008   0.02257
   8/99998      5.8G   0.08046   0.02886   0.02165     0.131       835       320   0.09269      0.27    0.0702   0.01712   0.06954   0.01965   0.02031
   9/99998      5.8G   0.07829   0.02788   0.02032    0.1265       874       320    0.1669    0.2568   0.09692   0.01944   0.07294   0.01745   0.01859
  10/99998      5.8G   0.07683   0.02662   0.01872    0.1222       939       320    0.1804    0.2741    0.1024    0.0233   0.06802   0.01808    0.0184
  11/99998      5.8G   0.07615   0.02531   0.01781    0.1193       948       320    0.1154    0.1339   0.04069  0.008185   0.07636   0.01773   0.02553
  12/99998      5.8G   0.07458   0.02395   0.01601    0.1145       914       320    0.2393    0.3493     0.162   0.03971   0.07276   0.01538   0.02916
  13/99998      5.8G   0.07163   0.02298   0.01502    0.1096       856       320    0.2453    0.4641    0.2336   0.06167    0.0716   0.01795   0.02391
  14/99998      5.8G   0.07274   0.02227   0.01424    0.1093       894       320    0.4085    0.4939    0.3691    0.1206   0.05798    0.0142   0.01329
  15/99998      5.8G   0.06974   0.02162   0.01344    0.1048       875       320    0.3326    0.5153    0.2874   0.08602   0.07263   0.01536   0.01719
  16/99998      5.8G   0.06979   0.02099   0.01257    0.1033      1110       320    0.5728     0.468    0.4311    0.1313    0.0616   0.01423   0.01428
  17/99998      5.8G   0.06811   0.02099   0.01229    0.1014       907       320    0.1202    0.3912   0.07176   0.01748   0.08396   0.03215   0.04103
  18/99998      5.8G   0.06662    0.0203   0.01122   0.09814       897       320    0.2515    0.5291    0.2265   0.06606   0.05627   0.01569   0.01698
  19/99998      5.8G   0.06481   0.02009   0.01203   0.09693       851       320    0.5842    0.4651    0.4672    0.1629   0.05475   0.01288   0.02179
  20/99998      5.8G   0.06284   0.01941   0.01073   0.09297       937       320    0.6563    0.6357    0.6423    0.2154    0.0514   0.01221  0.009347
  21/99998      5.8G   0.06259   0.01926   0.01024   0.09209       815       320    0.7338     0.612    0.6835    0.3153   0.04635   0.01173  0.008831
  22/99998      5.8G   0.05957   0.01926  0.009668   0.08849       864       320    0.7307    0.6425    0.6692    0.2508   0.04847   0.01097  0.008154
  23/99998      5.8G   0.05995   0.01889  0.009494   0.08833       839       320    0.6479    0.3077    0.3438    0.1113   0.07168   0.01416   0.02325
  24/99998      5.8G   0.05998   0.01858  0.009885   0.08845       888       320    0.7772    0.6954    0.7154    0.3216   0.04557    0.0103  0.008134
  25/99998      5.8G   0.05725   0.01828  0.008996   0.08452       869       320    0.7372    0.7275    0.7358    0.3061   0.04309  0.009892  0.009268
  26/99998      5.8G   0.05543   0.01788  0.009433   0.08274       872       320    0.0943    0.5115   0.06962   0.02171   0.06882   0.01841   0.01787
  27/99998      5.8G    0.0566   0.01754  0.008598   0.08275      1096       320    0.7623    0.6652    0.7211    0.2891   0.04697   0.01102  0.008111
  28/99998      5.8G    0.0543   0.01775  0.008333   0.08038       765       320    0.8201    0.7166    0.7836    0.3154   0.04602  0.009775  0.007924
  29/99998      5.8G   0.05353   0.01713  0.008611   0.07927       838       320    0.8028    0.7448    0.7764     0.334   0.04408  0.009525  0.008296
  30/99998      5.8G   0.05147   0.01709  0.007818   0.07638       788       320    0.6975    0.7425    0.7457    0.3339   0.04454   0.01057  0.007989
  31/99998      5.8G   0.05189   0.01679  0.007609   0.07629       874       320    0.8496    0.7489    0.8469    0.4498   0.03799  0.009528  0.007757
  32/99998      5.8G   0.05109   0.01665  0.007681   0.07543       910       320    0.8429    0.7687    0.8407    0.4383   0.03775  0.009475  0.008103
  33/99998      5.8G    0.0494   0.01692  0.007691     0.074       843       320    0.8626    0.7583      0.83     0.442   0.03684  0.009516  0.007546
  34/99998      5.8G   0.04856   0.01657  0.007234   0.07237       834       320    0.8411    0.7325    0.7952    0.3567   0.04032   0.01068   0.00778
  35/99998      5.8G   0.04793   0.01647  0.007311   0.07171       787       320    0.8648    0.8049    0.8532    0.4303   0.03772  0.009103  0.006938
  36/99998      5.8G   0.04798    0.0163  0.007274   0.07155       813       320    0.8664    0.8063    0.8616    0.4183   0.03834   0.00886   0.00742
  37/99998      5.8G   0.04558   0.01604  0.006903   0.06852       847       320    0.8819    0.8115    0.8666    0.4766   0.03601  0.008877   0.00663
  38/99998      5.8G   0.04586   0.01594  0.007177   0.06897       763       320    0.8799    0.7993    0.8622    0.4207   0.03875  0.008858  0.006825
  39/99998      5.8G   0.04463   0.01584  0.006836   0.06731       705       320     0.814    0.7391    0.8322    0.3817   0.03976  0.008835   0.01414
  40/99998      5.8G   0.04465   0.01571  0.007293   0.06766       813       320    0.8426    0.7886    0.8596    0.4419   0.03722  0.009597  0.008361
  41/99998      5.8G    0.0444   0.01595  0.006699   0.06705       802       320    0.8625    0.7825    0.8528    0.4531   0.03732  0.009822  0.007525
  42/99998      5.8G   0.04354   0.01568  0.007001   0.06623       898       320    0.8888    0.8132    0.8759    0.4675   0.03443  0.008514  0.007365
  43/99998      5.8G   0.04381   0.01586    0.0066   0.06626       990       320    0.8972    0.8212    0.8811    0.4516   0.03574  0.008511  0.006428
  44/99998      5.8G   0.04255   0.01553  0.006453   0.06453       809       320    0.8969    0.8101    0.8779     0.469   0.03534  0.008975  0.007319
  45/99998      5.8G   0.04254   0.01562  0.006442    0.0646       784       320    0.8675    0.8138     0.887    0.5093   0.03367  0.008516   0.00763
  46/99998      5.8G   0.04129   0.01521  0.006477   0.06297       933       320    0.9178    0.8121    0.8863    0.4836   0.03545  0.008455  0.006229
  47/99998      5.8G    0.0417   0.01517  0.006016   0.06288       792       320    0.9077    0.8237    0.8937    0.5045   0.03351  0.008161   0.00632
  48/99998      5.8G   0.04103   0.01502  0.006046    0.0621       941       320    0.9303    0.8359    0.9001    0.5311   0.03189  0.007924  0.006244
  49/99998      5.8G   0.04108   0.01484  0.005775    0.0617       974       320    0.8971    0.8348    0.8949    0.5129   0.03318   0.00811  0.006506
  50/99998      5.8G   0.03998    0.0149  0.005488   0.06037       842       320    0.9112    0.8585    0.9028    0.5485   0.03111     0.008    0.0058
  51/99998      5.8G   0.03996   0.01498  0.005899   0.06084       856       320    0.8898    0.8395    0.8973    0.5344   0.03248  0.007966  0.006872
  52/99998      5.8G   0.03988   0.01493  0.005686    0.0605       807       320    0.8875    0.8545    0.8982    0.5383   0.03087  0.007864  0.007068
  53/99998      5.8G   0.03906   0.01479  0.005699   0.05955       860       320    0.9081    0.8338    0.8994    0.5516   0.03078  0.007765  0.007557
  54/99998      5.8G   0.03994   0.01448  0.005817   0.06023      1094       320    0.9109    0.8108    0.8893    0.5281    0.0323  0.008095  0.006733
  55/99998      5.8G   0.03895    0.0146  0.005514   0.05907       875       320    0.9252    0.8398    0.9009     0.555   0.03081  0.007937  0.005988
  56/99998      5.8G   0.03907   0.01442  0.005642   0.05913      1119       320      0.92    0.8552    0.9035     0.531   0.03229  0.007788  0.005776
  57/99998      5.8G   0.03872   0.01452  0.005391   0.05863       868       320    0.9113    0.8501    0.9051    0.5376   0.03121  0.007902  0.006062
  58/99998      5.8G   0.03916   0.01468  0.005282   0.05913       956       320     0.902    0.8619    0.9057     0.555   0.03019  0.007667  0.007114
  59/99998      5.8G   0.03855   0.01455  0.005349   0.05845      1013       320    0.9191    0.8425    0.9083    0.5634   0.02998  0.007629  0.006538
  60/99998      5.8G   0.03799   0.01424  0.005227   0.05745       864       320    0.9201    0.8491    0.9131     0.557   0.03036  0.007568  0.006498
  61/99998      5.8G   0.03879   0.01466  0.004916   0.05836       859       320    0.9095    0.8425    0.8964    0.5415   0.03169  0.007821  0.006638
  62/99998      5.8G   0.03883   0.01446  0.005243   0.05853       904       320    0.9097     0.838    0.8989    0.5379   0.03079  0.007817  0.006884
  63/99998      5.8G   0.03864    0.0143  0.005175   0.05811       864       320    0.9234    0.8579    0.9104    0.5535   0.03094  0.007603  0.005853
  64/99998      5.8G   0.03724   0.01412  0.005135    0.0565       869       320    0.9148    0.8567    0.9066    0.5743   0.02953  0.007517  0.006018
  65/99998      5.8G   0.03784    0.0142  0.004954   0.05699       927       320     0.925    0.8629    0.9125    0.5687   0.02977  0.007573  0.005742
  66/99998      5.8G   0.03778   0.01419  0.005067   0.05703       965       320    0.9412    0.8525    0.9113    0.5618    0.0299  0.007638  0.005874
  67/99998      5.8G   0.03793   0.01404  0.005197   0.05717       862       320    0.9251    0.8575    0.9136    0.5635   0.02965  0.007562  0.006141
  68/99998      5.8G    0.0374   0.01406  0.005181   0.05664      1030       320    0.9212    0.8655    0.9135    0.5651   0.02996  0.007478  0.005776
  69/99998      5.8G   0.03759    0.0141  0.004774   0.05646       847       320     0.922    0.8638    0.9136    0.5769   0.02954  0.007438  0.005847
  70/99998      5.8G   0.03734   0.01398  0.004965   0.05629       868       320    0.9158    0.8594    0.9109    0.5712   0.02945   0.00743  0.006712
  71/99998      5.8G   0.03702   0.01392  0.004719   0.05566       911       320    0.9064    0.8362    0.9019    0.5646   0.03044  0.007897  0.006704
  72/99998      5.8G   0.03692   0.01396  0.004879   0.05576       940       320    0.9177    0.8722    0.9182    0.5781   0.02936  0.007545  0.005893
  73/99998      5.8G   0.03728   0.01395   0.00499   0.05622       931       320    0.9334    0.8462    0.9177    0.5826    0.0291  0.007492  0.005696
  74/99998      5.8G    0.0372   0.01395  0.004754    0.0559       879       320    0.9255     0.867    0.9226     0.587     0.029  0.007385  0.005757
  75/99998      5.8G   0.03678   0.01381  0.004693   0.05528       773       320     0.923    0.8625    0.9187    0.5809   0.02864  0.007465  0.006326
  76/99998      5.8G   0.03631   0.01391  0.004932   0.05515       818       320    0.9199    0.8836     0.923    0.5846   0.02856  0.007332  0.005638
  77/99998      5.8G   0.03625   0.01372  0.004646   0.05461       945       320    0.9199    0.8727    0.9191    0.5631   0.02921  0.007375  0.006045
  78/99998      5.8G   0.03699   0.01393  0.004826   0.05575       938       320     0.924    0.8632    0.9186    0.5768   0.02895  0.007284  0.006479
  79/99998      5.8G   0.03663   0.01373  0.004874   0.05524       953       320    0.9318     0.872    0.9215    0.5694   0.02982  0.007507  0.005585
  80/99998      5.8G   0.03597   0.01386  0.004928   0.05475       795       320    0.9457    0.8662    0.9222    0.5859     0.029  0.007356  0.005337
  81/99998      5.8G   0.03593   0.01368  0.004751   0.05436       849       320     0.934    0.8699    0.9227    0.5805   0.02866  0.007277  0.005539
  82/99998      5.8G   0.03535    0.0136  0.004548    0.0535       942       320    0.9202     0.879    0.9236    0.5921   0.02817  0.007275  0.005767
  83/99998      5.8G   0.03638   0.01378  0.004877   0.05503       915       320    0.9357    0.8647    0.9178    0.5552   0.03016  0.007502  0.005766
  84/99998      5.8G    0.0365   0.01389  0.004524   0.05491       754       320    0.9282    0.8726    0.9195    0.5849   0.02875  0.007366  0.005714
  85/99998      5.8G   0.03577   0.01376  0.004707   0.05424       892       320     0.933    0.8811    0.9231    0.5785   0.02869  0.007402  0.005679
  86/99998      5.8G   0.03629   0.01377  0.004504   0.05456       837       320    0.9393    0.8618    0.9152    0.5766    0.0297  0.007353  0.005617
  87/99998      5.8G    0.0358    0.0137   0.00444   0.05394       868       320    0.9135    0.8731    0.9222    0.5855   0.02879   0.00738   0.00609
  88/99998      5.8G   0.03578   0.01366  0.004488   0.05393       814       320    0.9103    0.8649    0.9134    0.5732   0.02917  0.007402    0.0068
  89/99998      5.8G   0.03569   0.01354  0.004461   0.05369       858       320    0.9267    0.8769    0.9232    0.5769   0.02868  0.007456  0.005845
  90/99998      5.8G   0.03562   0.01374  0.004613   0.05398      1073       320    0.9338    0.8632    0.9122    0.5775   0.02946  0.007694  0.005499
  91/99998      5.8G   0.03572   0.01367  0.004595   0.05399       804       320    0.9148    0.8849     0.925     0.585   0.02855  0.007199  0.005477
  92/99998      5.8G   0.03605   0.01355  0.004523   0.05411       994       320    0.9257    0.8687    0.9171    0.5809   0.02873  0.007272  0.006201
  93/99998      5.8G   0.03497   0.01349  0.004592   0.05305       961       320    0.9328    0.8842    0.9269    0.5967   0.02806  0.007316  0.005196
  94/99998      5.8G   0.03532   0.01351  0.004489   0.05333       854       320    0.9443      0.87    0.9239    0.5889   0.02843  0.007318  0.005359
  95/99998      5.8G   0.03509   0.01349  0.004431   0.05301       910       320     0.937    0.8813    0.9229    0.5835   0.02866  0.007492  0.005571
  96/99998      5.8G   0.03585   0.01352  0.004464   0.05383       859       320    0.9242    0.8824    0.9237    0.5814   0.02849  0.007456  0.005401
  97/99998      5.8G   0.03479   0.01354  0.004404   0.05273       819       320    0.9279    0.8824    0.9254    0.5926   0.02783  0.007273  0.005481
  98/99998      5.8G   0.03594   0.01359  0.004603   0.05413       865       320    0.9383    0.8683    0.9195    0.5829    0.0286  0.007242  0.005839
  99/99998      5.8G   0.03583   0.01377  0.004344   0.05394       944       320    0.9341    0.8609    0.9153    0.5814   0.02882  0.007472  0.005696
 100/99998      5.8G   0.03438   0.01359  0.004429   0.05239       928       320    0.9387    0.8752    0.9263    0.5963   0.02793  0.007231  0.005268
 101/99998      5.8G   0.03472   0.01341  0.004464   0.05259       750       320    0.9283    0.8824    0.9221    0.5914    0.0282  0.007316  0.005485
 102/99998      5.8G   0.03504    0.0133  0.004112   0.05246       768       320    0.9317    0.8879    0.9295    0.5981   0.02776  0.007114  0.005429
 103/99998      5.8G   0.03478   0.01328  0.004309   0.05237       823       320    0.9397     0.886    0.9325     0.596   0.02781   0.00713  0.005464
 104/99998      5.8G   0.03558   0.01356  0.004162   0.05331       916       320     0.938    0.8702    0.9204    0.5896   0.02847  0.007344  0.005376
 105/99998      5.8G   0.03474    0.0135  0.004314   0.05255       864       320    0.9258    0.8813    0.9196    0.5912   0.02822  0.007294  0.005935
 106/99998      5.8G   0.03528   0.01342  0.004351   0.05306       890       320    0.9355    0.8858    0.9291    0.5975   0.02771  0.007275  0.005216
 107/99998      5.8G   0.03481   0.01332  0.004232   0.05236       980       320    0.9451    0.8752    0.9285    0.5949   0.02807  0.007177  0.005214
 108/99998      5.8G   0.03454   0.01324  0.004399   0.05218       905       320    0.9018      0.86     0.909    0.5751   0.02865  0.007375  0.008106
 109/99998      5.8G   0.03457   0.01331  0.004087   0.05197       814       320    0.9412    0.8777    0.9255     0.597   0.02792  0.007306   0.00537
 110/99998      5.8G   0.03475   0.01334  0.004233   0.05231       901       320    0.9289    0.8938     0.928    0.5896   0.02775   0.00719  0.005495
 111/99998      5.8G   0.03454   0.01327  0.004243   0.05206       936       320    0.9451    0.8824    0.9303    0.5984   0.02786  0.007118  0.005162
 112/99998      5.8G   0.03546   0.01335  0.004108   0.05292       792       320    0.9499    0.8798    0.9304    0.6011   0.02784  0.007175  0.005333
 113/99998      5.8G   0.03412   0.01317  0.004215    0.0515       934       320    0.9234    0.8903    0.9282    0.6039   0.02757  0.007101  0.005322
 114/99998      5.8G   0.03448   0.01337  0.003916   0.05176       926       320     0.926     0.892    0.9301    0.5998   0.02743  0.007188  0.005281
 115/99998      5.8G   0.03395   0.01321  0.004056   0.05122       822       320    0.9407    0.8838     0.927    0.6012   0.02744  0.007151  0.005422
 116/99998      5.8G   0.03493   0.01326  0.004034   0.05223       831       320    0.9322    0.8947    0.9308     0.604   0.02733  0.007081  0.005406
 117/99998      5.8G    0.0338   0.01315  0.004075   0.05103       954       320    0.9298    0.8883    0.9309     0.603    0.0272  0.007069  0.005718
 118/99998      5.8G   0.03405     0.013  0.003881   0.05093       792       320    0.9213    0.8911    0.9288    0.5976   0.02761  0.007129  0.005547
 119/99998      5.8G   0.03465   0.01302  0.004104   0.05177      1029       320    0.9282     0.894    0.9304    0.5975   0.02768  0.007219  0.005506
 120/99998      5.8G   0.03397   0.01316  0.004029   0.05116       877       320    0.9207    0.8863    0.9275     0.607   0.02714  0.007112  0.005903
 121/99998      5.8G   0.03431   0.01318  0.004246   0.05173       899       320    0.9232    0.8791     0.926    0.5994   0.02749   0.00713  0.005955
 122/99998      5.8G   0.03474   0.01317  0.004167   0.05207       852       320    0.9261    0.8915    0.9327    0.6046   0.02752    0.0071   0.00534
 123/99998      5.8G   0.03347   0.01325  0.004195   0.05091       897       320    0.9366    0.8844    0.9284    0.5996   0.02749  0.007125  0.005819
 124/99998      5.8G   0.03389   0.01293  0.004158   0.05098       809       320    0.9266    0.8918    0.9272    0.6009   0.02746  0.007264  0.005471
 125/99998      5.8G   0.03388   0.01331  0.004119    0.0513       825       320    0.9435    0.8828    0.9305    0.6063   0.02701  0.007038  0.005423
 126/99998      5.8G   0.03415    0.0131  0.003825   0.05108      1072       320    0.9394    0.8898    0.9335     0.606    0.0274  0.007112   0.00507
 127/99998      5.8G   0.03441   0.01305  0.003702   0.05116       819       320     0.918    0.8781    0.9237    0.6036   0.02753  0.007193   0.00646
 128/99998      5.8G   0.03457   0.01307  0.003957    0.0516       872       320    0.9305    0.8857    0.9256    0.5942   0.02777   0.00714  0.005731
 129/99998      5.8G   0.03515   0.01313  0.003841   0.05213       844       320    0.9308    0.8856    0.9262    0.5991   0.02744  0.007082   0.00593
 130/99998      5.8G   0.03409   0.01302  0.003756   0.05087       837       320    0.9223    0.8856    0.9271    0.6039    0.0273  0.007095   0.00603
 131/99998      5.8G    0.0343   0.01308  0.003913   0.05129       910       320    0.9212    0.8844    0.9246    0.5968   0.02753  0.007159  0.006131
 132/99998      5.8G   0.03391   0.01315   0.00384    0.0509       848       320    0.9379    0.8889    0.9322    0.6083   0.02713  0.007001  0.005377
 133/99998      5.8G   0.03391   0.01286  0.004066   0.05083       802       320    0.9389    0.8832    0.9284    0.6059   0.02701  0.006983  0.005655
 134/99998      5.8G   0.03427   0.01333  0.004053   0.05166       866       320    0.9438    0.8863    0.9327    0.6106   0.02683   0.00701   0.00544
 135/99998      5.8G   0.03402   0.01324  0.003953   0.05121       803       320    0.9249    0.8745    0.9219    0.5955   0.02732  0.007168  0.006604
 136/99998      5.8G   0.03412    0.0132  0.003879    0.0512       918       320    0.9457    0.8832    0.9295    0.6061   0.02699  0.007218  0.005357
 137/99998      5.8G    0.0344   0.01302  0.003817   0.05124      1008       320    0.9302    0.8964    0.9306    0.6053   0.02718  0.007088   0.00539
 138/99998      5.8G   0.03302   0.01286  0.003984   0.04987       915       320    0.9237    0.8959    0.9325    0.6092   0.02691  0.007069  0.005439
 139/99998      5.8G   0.03353   0.01305   0.00387   0.05046       823       320    0.9309    0.8872    0.9308    0.6056   0.02705  0.006993  0.005724
 140/99998      5.8G   0.03439   0.01295  0.003963    0.0513       820       320    0.9401    0.8915    0.9333    0.6093   0.02709  0.006983  0.005119
 141/99998      5.8G   0.03476   0.01315  0.003939   0.05185       871       320    0.9268    0.8922    0.9308    0.6102    0.0269  0.006941  0.005834
 142/99998      5.8G   0.03404   0.01306  0.003937   0.05104       876       320    0.9376     0.881    0.9297    0.6099    0.0271  0.007067  0.005547
 143/99998      5.8G    0.0337   0.01296  0.004019   0.05068       800       320    0.9429    0.8841    0.9292    0.6078   0.02717  0.007087  0.005411
 144/99998      5.8G   0.03392    0.0131  0.003772   0.05079      1003       320    0.9366    0.8886    0.9336    0.6071   0.02715  0.007091  0.005428
 145/99998      5.8G   0.03382   0.01301   0.00394   0.05077       827       320    0.9452    0.8853    0.9308    0.6081   0.02707  0.007092  0.005099
 146/99998      5.8G   0.03358   0.01305  0.003952   0.05058      1089       320    0.9451    0.8876    0.9357    0.6133   0.02673   0.00699  0.005316
 147/99998      5.8G   0.03366   0.01295   0.00384   0.05045      1092       320    0.9449    0.8849    0.9355    0.6152   0.02655  0.007001  0.005209
 148/99998      5.8G   0.03304   0.01297  0.003736   0.04975       811       320    0.9326    0.8888    0.9323    0.6106   0.02687  0.007001  0.005495
 149/99998      5.8G   0.03369   0.01281   0.00387   0.05037       808       320    0.9468    0.8915    0.9346    0.6136   0.02688  0.007019  0.004977
 150/99998      5.8G   0.03442   0.01293  0.003803   0.05115       810       320    0.9319    0.8951    0.9331    0.6076   0.02717  0.007114  0.005406
 151/99998      5.8G   0.03325   0.01293  0.003889   0.05007       855       320    0.9412    0.8902    0.9279    0.6121   0.02691  0.007023  0.005561
 152/99998      5.8G   0.03377   0.01305  0.003831   0.05065       753       320    0.9341    0.8842    0.9318    0.6118   0.02698  0.007015  0.005686
 153/99998      5.8G   0.03394   0.01304  0.003875   0.05086       809       320    0.9363    0.8943    0.9331    0.6096    0.0268  0.007009  0.005342
 154/99998      5.8G   0.03365   0.01291  0.003825   0.05038       805       320    0.9396    0.8875     0.929     0.607   0.02702  0.007061  0.005531
 155/99998      5.8G   0.03372   0.01303  0.003676   0.05043       929       320    0.9344    0.8908    0.9305    0.6054   0.02696   0.00699  0.005526
 156/99998      5.8G    0.0334   0.01288  0.003757   0.05004       892       320    0.9283    0.8947    0.9287    0.6072    0.0269  0.007153  0.005583
 157/99998      5.8G   0.03329   0.01281  0.003987   0.05009       829       320    0.9432    0.8881     0.932    0.6063   0.02678  0.007024  0.005613
 158/99998      5.8G   0.03279   0.01289  0.003672   0.04935       992       320    0.9464    0.8919    0.9355    0.6116   0.02669  0.006956   0.00517
 159/99998      5.8G   0.03339   0.01289  0.003695   0.04998       936       320    0.9349    0.8945    0.9338    0.6117   0.02673  0.007029  0.005191
 160/99998      5.8G   0.03274   0.01263  0.003781   0.04914       920       320    0.9271    0.8838     0.929     0.605   0.02706  0.007137  0.006046
 161/99998      5.8G   0.03385   0.01269  0.003744   0.05028       916       320    0.9433    0.8817    0.9316    0.6116   0.02698  0.007037  0.005165
 162/99998      5.8G   0.03359     0.013  0.003736   0.05032       917       320    0.9498    0.8901    0.9356    0.6157   0.02641  0.006922  0.005027
 163/99998      5.8G   0.03299   0.01284  0.003697   0.04953       720       320    0.9323     0.902    0.9345     0.613   0.02661   0.00697  0.005288
 164/99998      5.8G   0.03326   0.01295   0.00343   0.04964       834       320    0.9405    0.8918    0.9367      0.61   0.02679  0.007004  0.005309
 165/99998      5.8G   0.03354   0.01291  0.003601   0.05006       861       320    0.9398    0.8952     0.935    0.6142   0.02671  0.006986   0.00536
 166/99998      5.8G   0.03284   0.01293   0.00362   0.04939       832       320    0.9419    0.8848    0.9296    0.6073   0.02676  0.007004  0.005781
 167/99998      5.8G   0.03386   0.01295  0.003916   0.05072       832       320    0.9488    0.8836    0.9329    0.6157   0.02641  0.006944  0.005445
 168/99998      5.8G   0.03319   0.01289  0.003684   0.04977      1059       320    0.9446    0.8962    0.9329    0.6072   0.02665   0.00705  0.005393
 169/99998      5.8G    0.0339   0.01289  0.003691   0.05048       824       320     0.944    0.8818    0.9331    0.6115   0.02673  0.006984   0.00533
 170/99998      5.8G   0.03333   0.01291  0.003696   0.04994       819       320     0.955    0.8823    0.9346    0.6161   0.02667   0.00695  0.005177
 171/99998      5.8G   0.03311    0.0129  0.003802   0.04981       809       320    0.9423    0.8915    0.9356    0.6178   0.02652  0.006988  0.005054
 172/99998      5.8G   0.03321   0.01298  0.003751   0.04994       859       320    0.9503    0.8844     0.933    0.6143   0.02665  0.006947  0.005247
 173/99998      5.8G   0.03279    0.0129  0.003628   0.04931       932       320    0.9535    0.8905    0.9395    0.6176   0.02644  0.006898  0.005154
 174/99998      5.8G    0.0331   0.01283  0.003575   0.04951       882       320    0.9403    0.8944     0.934    0.6147   0.02665  0.006913  0.005207
 175/99998      5.8G   0.03332     0.013  0.003407   0.04973      1055       320    0.9447    0.8908    0.9331    0.6191   0.02643  0.006913  0.005355
 176/99998      5.8G   0.03292   0.01291  0.003668    0.0495       801       320    0.9331    0.8887    0.9311    0.6123   0.02652  0.006923  0.005672
 177/99998      5.8G   0.03351   0.01277  0.003812   0.05009       858       320    0.9343      0.89    0.9347    0.6147   0.02663  0.006879  0.005416
 178/99998      5.8G   0.03313   0.01296  0.003503   0.04958       872       320    0.9435     0.889    0.9359    0.6174   0.02645  0.006911  0.005481
 179/99998      5.8G   0.03294   0.01285  0.003226   0.04902       858       320    0.9337     0.896    0.9327     0.614   0.02632   0.00695  0.005664
 180/99998      5.8G   0.03344   0.01267  0.003506   0.04961       772       320    0.9321    0.8947    0.9324    0.6168   0.02621   0.00692  0.005757
 181/99998      5.8G   0.03307   0.01275  0.003701   0.04952       922       320    0.9465     0.891    0.9343    0.6099   0.02665  0.006954  0.005526
 182/99998      5.8G   0.03296   0.01273  0.003595   0.04928      1049       320    0.9457    0.8861    0.9315    0.6052   0.02722  0.007037  0.005718
 183/99998      5.8G   0.03294    0.0128  0.003624   0.04937       733       320    0.9485    0.8978    0.9365     0.615   0.02646  0.006927   0.00539
 184/99998      5.8G   0.03267   0.01286  0.003531   0.04906       791       320    0.9514    0.8926    0.9365    0.6155   0.02644  0.006915  0.005158
 185/99998      5.8G   0.03325   0.01292  0.003691   0.04986       971       320    0.9321    0.8973    0.9329    0.6173    0.0264  0.006922    0.0053
 186/99998      5.8G   0.03292   0.01257  0.003826   0.04931       877       320    0.9405    0.8898    0.9326    0.6156   0.02649  0.006964   0.00545
 187/99998      5.8G   0.03278   0.01277  0.003473   0.04901       765       320    0.9361    0.8892    0.9309    0.6174   0.02661  0.006983  0.005404
 188/99998      5.8G   0.03282   0.01268  0.003346   0.04885       856       320    0.9485     0.895    0.9336    0.6178   0.02629  0.006809  0.005375
 189/99998      5.8G   0.03231   0.01268  0.003791   0.04877       858       320    0.9391    0.8927    0.9346    0.6217    0.0264  0.006823  0.005433
 190/99998      5.8G   0.03216   0.01265  0.003585   0.04839       943       320    0.9345     0.895     0.932    0.6163   0.02643  0.006838  0.005716
 191/99998      5.8G   0.03313    0.0127  0.003556   0.04939       845       320    0.9466    0.8912    0.9379    0.6217   0.02626  0.006844  0.005249
 192/99998      5.8G    0.0323   0.01269  0.003424   0.04841       813       320    0.9401    0.8997    0.9362    0.6224   0.02618  0.006845  0.005255
 193/99998      5.8G   0.03329   0.01278  0.003466   0.04954       804       320     0.947    0.8892     0.934    0.6105   0.02667   0.00697   0.00523
 194/99998      5.8G   0.03284   0.01284  0.003482   0.04916       848       320    0.9464    0.8894    0.9348     0.612   0.02645     0.007  0.005271
 195/99998      5.8G    0.0332   0.01267  0.003515   0.04939      1157       320    0.9517    0.8851    0.9348    0.6192   0.02636  0.006878  0.005358
 196/99998      5.8G     0.033   0.01287  0.003591   0.04946       877       320    0.9428    0.8936    0.9372    0.6206   0.02617  0.006902  0.005054
 197/99998      5.8G   0.03296   0.01266  0.003556   0.04918       904       320    0.9477    0.9015    0.9375    0.6208   0.02611  0.006868  0.004979
 198/99998      5.8G   0.03324   0.01274  0.003659   0.04964       833       320    0.9507    0.8932    0.9379    0.6223   0.02617    0.0069  0.004972
 199/99998      5.8G   0.03272   0.01274  0.003688   0.04914      1053       320    0.9519    0.8995    0.9401    0.6223    0.0262  0.006876  0.004772
 200/99998      5.8G   0.03323   0.01269  0.003666   0.04959       891       320    0.9458    0.8947    0.9377    0.6197   0.02618   0.00684  0.005084
 201/99998      5.8G   0.03267   0.01271  0.003523   0.04891       884       320     0.949     0.888    0.9349    0.6181   0.02621  0.006966  0.005395
 202/99998      5.8G   0.03226   0.01269  0.003315   0.04826      1018       320    0.9264    0.9033    0.9366    0.6161   0.02618  0.006911  0.005427
 203/99998      5.8G   0.03241   0.01264  0.003531   0.04858       845       320    0.9537    0.8904    0.9358    0.6153   0.02605  0.006925  0.005673
 204/99998      5.8G   0.03281   0.01265  0.003346   0.04881       923       320    0.9435    0.8921     0.938    0.6213   0.02595  0.006834  0.005386
 205/99998      5.8G    0.0329   0.01264  0.003699   0.04925       869       320    0.9552    0.8879    0.9387    0.6232   0.02607  0.006742  0.005208
 206/99998      5.8G   0.03296   0.01282  0.003489   0.04927       943       320    0.9486    0.8945    0.9386    0.6234   0.02607   0.00684  0.005063
 207/99998      5.8G   0.03305   0.01274  0.003312   0.04911       973       320    0.9547    0.8983    0.9374    0.6261   0.02583  0.006811  0.004936
 208/99998      5.8G   0.03334   0.01267  0.003323   0.04933       935       320    0.9547    0.9002    0.9408    0.6198   0.02601  0.006846  0.005052
 209/99998      5.8G    0.0331   0.01276  0.003392   0.04925       780       320    0.9414    0.8954    0.9367    0.6199   0.02606  0.006856   0.00534
 210/99998      5.8G   0.03277   0.01267  0.003201   0.04864       863       320    0.9506    0.8906    0.9377    0.6253   0.02583  0.006751  0.005292
 211/99998      5.8G   0.03325   0.01259  0.003328   0.04916       795       320    0.9481     0.895    0.9363    0.6193    0.0261  0.006864  0.005498
 212/99998      5.8G   0.03282   0.01272  0.003428   0.04897       943       320    0.9431    0.9043     0.938    0.6247   0.02582  0.006805  0.005211
 213/99998      5.8G   0.03264   0.01259  0.003203   0.04843       822       320    0.9439    0.8988    0.9376    0.6233   0.02592  0.006846  0.005126
 214/99998      5.8G   0.03277   0.01255  0.003325   0.04864       791       320    0.9448    0.8929    0.9348    0.6215   0.02581  0.006788  0.005684
 215/99998      5.8G   0.03206   0.01244  0.003539   0.04804       862       320    0.9455    0.8896    0.9326    0.6192   0.02605   0.00695  0.005677
 216/99998      5.8G   0.03358   0.01291  0.003214    0.0497       904       320    0.9467    0.9009     0.935    0.6212   0.02601   0.00683  0.005481
 217/99998      5.8G   0.03283   0.01252  0.003292   0.04864       862       320    0.9457    0.8968    0.9356    0.6243   0.02606  0.006837  0.005349
 218/99998      5.8G   0.03266    0.0125  0.003373   0.04853       834       320    0.9521    0.8848    0.9352    0.6237   0.02616  0.006807   0.00522
 219/99998      5.8G   0.03239   0.01284  0.003529   0.04877       863       320    0.9443    0.9065    0.9357    0.6209   0.02598  0.006824  0.005272
 220/99998      5.8G   0.03237   0.01277  0.003314   0.04845       855       320    0.9486    0.9009     0.939    0.6242   0.02594  0.006791  0.005134
 221/99998      5.8G   0.03341   0.01262  0.003591   0.04963       968       320    0.9493    0.8947    0.9384    0.6267   0.02593  0.006815  0.005236
 222/99998      5.8G   0.03267   0.01244  0.003212   0.04832       847       320    0.9478    0.9028    0.9387    0.6241   0.02588   0.00683  0.005346
 223/99998      5.8G   0.03179   0.01246  0.003561   0.04781       844       320    0.9516    0.8955    0.9363    0.6202   0.02589  0.006894  0.005427
 224/99998      5.8G   0.03303   0.01283  0.003425   0.04929      1012       320    0.9421       0.9     0.937    0.6205   0.02599  0.006772   0.00536
 225/99998      5.8G   0.03213   0.01284  0.003349   0.04832       903       320     0.947    0.8951    0.9338    0.6131   0.02616   0.00699  0.005393
 226/99998      5.8G   0.03298   0.01263  0.003355   0.04897       894       320    0.9421    0.9053    0.9386    0.6221   0.02589  0.006849  0.005088
 227/99998      5.8G   0.03278   0.01242  0.003483   0.04869      1058       320    0.9424     0.899    0.9376    0.6215   0.02595  0.006814  0.005223
 228/99998      5.8G   0.03208   0.01267  0.003533   0.04827       789       320    0.9532     0.893    0.9394    0.6192   0.02592  0.006905  0.005156
 229/99998      5.8G   0.03248   0.01268   0.00325   0.04841       764       320    0.9469    0.8968    0.9407    0.6255   0.02575  0.006809  0.005218
 230/99998      5.8G   0.03258    0.0127  0.003347   0.04863      1090       320    0.9495    0.8932    0.9388    0.6255   0.02582  0.006814  0.005394
 231/99998      5.8G   0.03254   0.01256  0.003381   0.04848      1082       320    0.9434    0.8977    0.9387    0.6243   0.02579  0.006769   0.00532
 232/99998      5.8G   0.03257   0.01265  0.003491   0.04871       831       320    0.9512    0.8919    0.9415    0.6262    0.0257   0.00678  0.005349
 233/99998      5.8G   0.03221   0.01265  0.003321   0.04817       764       320    0.9501    0.8991    0.9405    0.6263   0.02562  0.006786  0.005105
 234/99998      5.8G   0.03264   0.01257  0.003277   0.04849       858       320    0.9488    0.8945    0.9396     0.623   0.02583   0.00682  0.005317
 235/99998      5.8G   0.03316   0.01272  0.003297   0.04918       946       320    0.9404    0.9006    0.9392    0.6234   0.02583  0.006824  0.005489
 236/99998      5.8G   0.03162   0.01228  0.003413   0.04731      1265       320    0.9447     0.897    0.9394    0.6253   0.02585  0.006785  0.005324
 237/99998      5.8G   0.03203   0.01245  0.003123   0.04761       804       320    0.9403     0.902    0.9401    0.6281   0.02565  0.006785  0.005386
 238/99998      5.8G   0.03208   0.01228  0.003128   0.04749       864       320    0.9487    0.9021    0.9389    0.6252    0.0258  0.006848  0.005205
 239/99998      5.8G   0.03211   0.01257  0.003512    0.0482       919       320    0.9455    0.9054    0.9393    0.6276   0.02572  0.006828  0.005237
 240/99998      5.8G   0.03295   0.01246  0.003426   0.04883       989       320    0.9546    0.8933     0.938     0.625   0.02581  0.006821  0.005223
 241/99998      5.8G   0.03179    0.0125  0.003216   0.04751       718       320    0.9582    0.8943    0.9387    0.6289   0.02576  0.006742  0.005125
 242/99998      5.8G   0.03208   0.01253  0.003181   0.04779       744       320    0.9538    0.8916    0.9374    0.6259   0.02572  0.006732  0.005483
 243/99998      5.8G   0.03255   0.01257  0.003377    0.0485       943       320    0.9507    0.8893    0.9392    0.6231   0.02585  0.006804  0.005396
 244/99998      5.8G   0.03243   0.01256  0.003403   0.04839       869       320    0.9425    0.9017    0.9408     0.624   0.02589   0.00676  0.005296
 245/99998      5.8G   0.03249   0.01263  0.003135   0.04825       848       320    0.9515     0.893    0.9373    0.6197   0.02594  0.006815  0.005379
 246/99998      5.8G   0.03274   0.01263  0.003241    0.0486       916       320    0.9498    0.8978    0.9378     0.625   0.02573  0.006716  0.005432
 247/99998      5.8G   0.03217   0.01244  0.003236   0.04784       864       320    0.9415    0.8985    0.9351    0.6271   0.02579  0.006724  0.005425
 248/99998      5.8G   0.03195   0.01259  0.003371   0.04791       871       320    0.9438    0.9015    0.9368    0.6244   0.02573  0.006796  0.005255
 249/99998      5.8G   0.03215    0.0126  0.003206   0.04796       890       320    0.9488    0.8978    0.9376    0.6257   0.02566   0.00677  0.005259
 250/99998      5.8G   0.03248    0.0125  0.003405   0.04838       812       320    0.9506    0.9005    0.9408    0.6302   0.02564  0.006707  0.005073
 251/99998      5.8G   0.03204   0.01252  0.003205   0.04776       869       320    0.9526    0.9008    0.9386    0.6246   0.02571  0.006795  0.005375
 252/99998      5.8G   0.03209   0.01234  0.003304   0.04773       854       320    0.9466    0.9078    0.9386    0.6239   0.02566  0.006798  0.005274
 253/99998      5.8G   0.03198   0.01269  0.003259   0.04793       923       320    0.9555    0.8948     0.937    0.6238   0.02563  0.006789  0.005298
 254/99998      5.8G   0.03234   0.01247  0.003147   0.04796       836       320    0.9443    0.9016    0.9389    0.6213    0.0256  0.006741  0.005146
 255/99998      5.8G   0.03237   0.01255   0.00329   0.04821       890       320    0.9465    0.8994     0.942    0.6294   0.02545  0.006743  0.005154
 256/99998      5.8G   0.03173   0.01244  0.003307   0.04748       895       320    0.9433    0.8979    0.9429    0.6304   0.02547  0.006729  0.005177
 257/99998      5.8G   0.03198   0.01238   0.00332   0.04768       822       320    0.9552    0.9019     0.944    0.6293   0.02541  0.006675  0.004977
 258/99998      5.8G   0.03147   0.01237  0.003152   0.04699       822       320    0.9599    0.8911    0.9408    0.6306    0.0254   0.00672  0.005038
 259/99998      5.8G   0.03189   0.01253  0.003079    0.0475       900       320     0.957    0.8902    0.9385    0.6248   0.02553  0.006784  0.005064
 260/99998      5.8G   0.03206   0.01256  0.003239   0.04786       928       320    0.9522    0.9014    0.9395    0.6273   0.02547  0.006783  0.005164
 261/99998      5.8G   0.03225   0.01231  0.003512   0.04807       957       320    0.9506    0.9024     0.941    0.6289   0.02534  0.006757  0.005246
 262/99998      5.8G   0.03221   0.01267  0.003124   0.04801       990       320    0.9515    0.8966    0.9377     0.626   0.02535  0.006764  0.005371
 263/99998      5.8G   0.03215   0.01233   0.00332   0.04781       849       320    0.9535    0.8976    0.9376    0.6248   0.02551  0.006778  0.005163
 264/99998      5.8G   0.03225   0.01262  0.003111   0.04797       972       320    0.9485    0.8946    0.9385    0.6241   0.02544  0.006801   0.00543
 265/99998      5.8G    0.0323   0.01253  0.003218   0.04805       838       320    0.9443    0.8966      0.94    0.6287   0.02544  0.006743  0.005486
 266/99998      5.8G   0.03192   0.01255  0.003139   0.04762       854       320    0.9484    0.8969    0.9393    0.6277   0.02539  0.006758  0.005375
 267/99998      5.8G   0.03111   0.01236  0.003277   0.04675       922       320    0.9494    0.8974    0.9382    0.6266   0.02556  0.006783  0.005423
 268/99998      5.8G   0.03246   0.01242  0.003207   0.04808       875       320    0.9432    0.8999    0.9372    0.6292   0.02537  0.006699  0.005652
 269/99998      5.8G   0.03209   0.01253  0.003065   0.04769      1023       320     0.937    0.9068    0.9374    0.6279    0.0254  0.006694  0.005668
 270/99998      5.8G   0.03219   0.01264  0.003327   0.04815       905       320    0.9372    0.9023    0.9364    0.6256   0.02542  0.006707  0.005761
 271/99998      5.8G   0.03196   0.01247  0.003262    0.0477       871       320    0.9346    0.9054    0.9361    0.6273   0.02546  0.006701   0.00564
 272/99998      5.8G   0.03112    0.0123  0.003489   0.04691       828       320    0.9457    0.9041    0.9405    0.6304   0.02535  0.006676  0.005493
 273/99998      5.8G   0.03181   0.01255  0.003136    0.0475       767       320    0.9507    0.8993     0.938    0.6296   0.02535  0.006667  0.005461
 274/99998      5.8G   0.03203   0.01251  0.003298   0.04784      1009       320    0.9501    0.8983    0.9365    0.6247   0.02552   0.00677   0.00556
 275/99998      5.8G   0.03187   0.01246  0.003364   0.04769       834       320    0.9494    0.8972    0.9377     0.624   0.02553  0.006792  0.005647
 276/99998      5.8G   0.03178   0.01244  0.003241   0.04746       862       320    0.9437    0.9012    0.9383    0.6292   0.02539  0.006674  0.005779
 277/99998      5.8G   0.03245   0.01259  0.003503   0.04855       931       320    0.9376    0.9027    0.9364    0.6296   0.02536  0.006743  0.005773
 278/99998      5.8G    0.0321   0.01235  0.003302   0.04775       918       320    0.9349    0.9055    0.9369    0.6285   0.02544  0.006752  0.005593
 279/99998      5.8G   0.03255    0.0125  0.003309   0.04836       876       320    0.9509    0.8941    0.9388    0.6299   0.02536  0.006698  0.005485
 280/99998      5.8G   0.03211   0.01244  0.003164   0.04772       937       320    0.9518    0.8931     0.939    0.6303   0.02531  0.006657  0.005385
 281/99998      5.8G    0.0321   0.01215  0.003211   0.04747       840       320    0.9443    0.9036    0.9405    0.6315   0.02532  0.006694  0.005223
 282/99998      5.8G   0.03201    0.0123  0.003239   0.04755       804       320    0.9502    0.8969    0.9395    0.6295   0.02534  0.006749  0.005444
 283/99998      5.8G   0.03249   0.01242  0.003004   0.04791       968       320    0.9506    0.9004    0.9384    0.6272   0.02535  0.006784  0.005452
 284/99998      5.8G   0.03234    0.0125  0.003416   0.04825       832       320    0.9506    0.9039     0.938    0.6229   0.02552  0.006828  0.005183
 285/99998      5.8G   0.03205   0.01266  0.003062   0.04777       852       320     0.948    0.9068    0.9381    0.6268   0.02543  0.006784  0.005217
 286/99998      5.8G   0.03175   0.01237   0.00333   0.04745       790       320    0.9514    0.9008    0.9402    0.6311   0.02526  0.006767   0.00523
 287/99998      5.8G   0.03212   0.01255   0.00303   0.04769       929       320    0.9469    0.9043    0.9404    0.6306   0.02525  0.006729  0.005253
 288/99998      5.8G   0.03148   0.01214  0.003283    0.0469       866       320    0.9514    0.8985    0.9409    0.6283   0.02532  0.006743  0.005411
 289/99998      5.8G   0.03203   0.01236  0.003409    0.0478       740       320    0.9464    0.9002    0.9395    0.6296   0.02518  0.006732  0.005489
 290/99998      5.8G   0.03169   0.01246  0.003197   0.04735       855       320    0.9469    0.9019    0.9382    0.6263   0.02525   0.00677  0.005642
 291/99998      5.8G    0.0318   0.01237   0.00305   0.04722       952       320    0.9493    0.9005    0.9402    0.6287   0.02522  0.006707  0.005583
 292/99998      5.8G   0.03181   0.01227  0.003185   0.04727       857       320    0.9534    0.9029    0.9436    0.6305   0.02518   0.00671  0.005348
 293/99998      5.8G   0.03183   0.01234  0.003187   0.04736       910       320    0.9537    0.9014    0.9427    0.6317   0.02512  0.006714  0.005271
 294/99998      5.8G   0.03174   0.01236  0.003031   0.04714       824       320    0.9537    0.8944    0.9413    0.6279   0.02518  0.006724  0.005514
 295/99998      5.8G   0.03255   0.01258  0.003346   0.04847       844       320    0.9491    0.9025    0.9401    0.6302   0.02522  0.006705  0.005514
 296/99998      5.8G   0.03174   0.01225  0.003121   0.04711       844       320     0.948    0.9029    0.9405    0.6308   0.02523  0.006708  0.005313
 297/99998      5.8G   0.03244   0.01241  0.003207   0.04806       828       320    0.9545    0.8993    0.9416    0.6318    0.0252  0.006692  0.005138
 298/99998      5.8G   0.03189   0.01253  0.003069   0.04749       883       320    0.9518    0.9032    0.9411    0.6329   0.02519   0.00668   0.00517
 299/99998      5.8G    0.0322   0.01239  0.003092   0.04768       844       320    0.9506    0.9026    0.9392    0.6331   0.02512   0.00669  0.005265
 300/99998      5.8G   0.03152   0.01226  0.003084   0.04686       983       320    0.9512    0.9051    0.9407    0.6304   0.02511  0.006734  0.005209
 301/99998      5.8G   0.03263   0.01258  0.003082   0.04829       847       320    0.9519    0.9034    0.9391    0.6321   0.02509   0.00673  0.005246
 302/99998      5.8G   0.03151   0.01244  0.003005   0.04696       860       320    0.9537    0.8997    0.9387    0.6327   0.02509  0.006678  0.005348
 303/99998      5.8G   0.03172   0.01226  0.003058   0.04704       956       320    0.9505    0.9067    0.9405    0.6326   0.02516   0.00669  0.005299
 304/99998      5.8G   0.03194   0.01246  0.003335   0.04774       975       320    0.9538    0.9049    0.9404    0.6322   0.02515   0.00665  0.005376
 305/99998      5.8G   0.03227   0.01249   0.00311   0.04787       835       320    0.9545    0.9049    0.9408    0.6313    0.0251  0.006688  0.005263
 306/99998      5.8G   0.03141   0.01223  0.003098   0.04673       873       320    0.9531    0.9001     0.939    0.6318   0.02513  0.006723  0.005283
 307/99998      5.8G   0.03198   0.01234  0.003057   0.04737       762       320    0.9561     0.898    0.9389    0.6331     0.025  0.006715  0.005215
 308/99998      5.8G   0.03193   0.01218  0.002917   0.04702       979       320    0.9575    0.8957    0.9403    0.6344   0.02505  0.006723   0.00523
 309/99998      5.8G   0.03149   0.01239  0.003085   0.04697       932       320    0.9513    0.8994     0.941    0.6355   0.02502  0.006709  0.005175
 310/99998      5.8G   0.03186   0.01248  0.002958    0.0473       926       320    0.9524    0.9017    0.9429    0.6332   0.02504   0.00674  0.005091
 311/99998      5.8G   0.03118   0.01225  0.002919   0.04635       903       320    0.9527    0.9046    0.9409    0.6317   0.02507  0.006783  0.005103
 312/99998      5.8G   0.03175   0.01214  0.003008    0.0469       785       320    0.9403    0.9081    0.9387    0.6301   0.02512   0.00677   0.00538
 313/99998      5.8G   0.03203   0.01228  0.003213   0.04753       862       320     0.952    0.8987     0.939    0.6309   0.02515  0.006703  0.005284
 314/99998      5.8G   0.03193   0.01244  0.003182   0.04755       821       320    0.9433    0.9108    0.9386    0.6336   0.02516  0.006676  0.005165
 315/99998      5.8G   0.03143   0.01229  0.003205   0.04692       851       320    0.9481    0.9075    0.9387    0.6309   0.02518  0.006697  0.005239
 316/99998      5.8G   0.03172   0.01241  0.003068    0.0472       802       320    0.9505    0.9008    0.9396      0.63   0.02515  0.006681  0.005354
 317/99998      5.8G   0.03109   0.01224  0.002847   0.04618       859       320     0.953    0.9002     0.939    0.6307   0.02516  0.006662  0.005387
 318/99998      5.8G   0.03116   0.01243  0.003124   0.04672       913       320    0.9582    0.8993    0.9407    0.6315   0.02516  0.006632  0.005172
 319/99998      5.8G   0.03138   0.01214  0.003267   0.04679       842       320    0.9477     0.902    0.9407    0.6326   0.02515  0.006625   0.00512
 320/99998      5.8G   0.03202   0.01245   0.00316   0.04763       929       320    0.9508    0.9019     0.941    0.6341   0.02503  0.006614   0.00518
 321/99998      5.8G   0.03223   0.01241  0.003102   0.04775       799       320    0.9496    0.9014    0.9398    0.6336   0.02507  0.006613   0.00531
 322/99998      5.8G   0.03169   0.01229   0.00286   0.04684       844       320    0.9478    0.9048    0.9397    0.6335   0.02508  0.006666  0.005313
 323/99998      5.8G   0.03161   0.01239  0.003101    0.0471       796       320    0.9476    0.9063    0.9405    0.6335   0.02504  0.006704  0.005202
 324/99998      5.8G   0.03109   0.01239  0.003107   0.04659       810       320    0.9517    0.8997    0.9394    0.6309   0.02507  0.006734  0.005281
 325/99998      5.8G   0.03178   0.01227  0.002985   0.04703       879       320    0.9453    0.9093    0.9414    0.6319   0.02509  0.006701  0.005252
 326/99998      5.8G   0.03196   0.01242  0.003045   0.04742       837       320    0.9531    0.9038    0.9412     0.633    0.0251  0.006694  0.005281
 327/99998      5.8G   0.03131   0.01215  0.003205   0.04667       837       320    0.9513    0.9049    0.9402    0.6335   0.02513  0.006676  0.005344
 328/99998      5.8G   0.03158   0.01236  0.003103   0.04705       846       320    0.9471    0.9086    0.9419    0.6333   0.02513  0.006657  0.005211
 329/99998      5.8G   0.03238    0.0125  0.003097   0.04798       903       320     0.953    0.9014    0.9394    0.6316   0.02516  0.006671  0.005197
 330/99998      5.8G   0.03162   0.01242  0.003044   0.04709      1117       320    0.9561    0.9009    0.9397    0.6314   0.02517  0.006676  0.005241
 331/99998      5.8G   0.03155   0.01239  0.003221   0.04716       914       320    0.9526    0.9037    0.9411    0.6324   0.02507  0.006668  0.005246
 332/99998      5.8G   0.03113   0.01211  0.003099   0.04634       794       320     0.957    0.9014     0.942    0.6361   0.02496  0.006621  0.005209
 333/99998      5.8G   0.03172   0.01227  0.002961   0.04694       868       320    0.9507    0.9067     0.941    0.6344   0.02493  0.006623  0.005264
 334/99998      5.8G   0.03162   0.01239    0.0031   0.04711       805       320    0.9528    0.9079    0.9408    0.6342   0.02496  0.006633  0.005127
 335/99998      5.8G   0.03174    0.0123  0.002916   0.04696       886       320    0.9539    0.9033    0.9404    0.6364   0.02494  0.006634  0.005176
 336/99998      5.8G   0.03192   0.01235  0.003022   0.04729      1087       320    0.9479    0.9038    0.9403    0.6364   0.02493  0.006643  0.005399
 337/99998      5.8G   0.03203   0.01216  0.003138   0.04733       935       320    0.9526    0.9021    0.9402    0.6353    0.0249  0.006648  0.005364
 338/99998      5.8G   0.03154   0.01236  0.003111   0.04701       818       320    0.9401    0.9114    0.9394    0.6332   0.02496  0.006678  0.005381
 339/99998      5.8G   0.03119   0.01215  0.003103   0.04645       841       320     0.944    0.9109    0.9405    0.6326     0.025  0.006679  0.005419
 340/99998      5.8G   0.03163   0.01234  0.003154   0.04713       910       320    0.9565    0.9003    0.9405    0.6333   0.02496  0.006664  0.005354
 341/99998      5.8G   0.03166   0.01234  0.003025   0.04703       907       320    0.9487     0.909    0.9418    0.6372    0.0249  0.006625  0.005174
 342/99998      5.8G   0.03123   0.01223  0.003065   0.04653       766       320     0.949    0.9105    0.9431    0.6385   0.02487  0.006604  0.005124
 343/99998      5.8G   0.03126   0.01204  0.002969   0.04627      1052       320    0.9575    0.9059    0.9441    0.6384   0.02489  0.006625  0.005306
 344/99998      5.8G   0.03104   0.01229  0.002923   0.04626       735       320    0.9557     0.905    0.9432    0.6384   0.02487  0.006634  0.005415
 345/99998      5.8G   0.03135   0.01214  0.003111    0.0466       890       320    0.9536    0.9046    0.9421    0.6372   0.02487  0.006625  0.005494
 346/99998      5.8G   0.03199   0.01225  0.003031   0.04728       799       320    0.9541    0.9011    0.9414     0.638   0.02483  0.006617  0.005444
 347/99998      5.8G   0.03192   0.01248  0.003081   0.04747       816       320    0.9552    0.8999    0.9425    0.6381   0.02482  0.006599   0.00539
 348/99998      5.8G    0.0312   0.01244  0.003131   0.04677       821       320    0.9554    0.8952    0.9412     0.636   0.02485  0.006613  0.005597
 349/99998      5.8G   0.03139   0.01227  0.003082   0.04675       864       320    0.9563    0.8998    0.9418    0.6378   0.02487  0.006613  0.005447
 350/99998      5.8G   0.03157   0.01249  0.003213   0.04727       867       320    0.9521    0.9045    0.9427    0.6361    0.0249  0.006626  0.005354
 351/99998      5.8G   0.03233   0.01253  0.002926   0.04779      1138       320    0.9575    0.9076    0.9425    0.6353    0.0249  0.006654  0.005315
 352/99998      5.8G   0.03178   0.01243  0.002967   0.04718       761       320    0.9554    0.9068    0.9418    0.6366   0.02485  0.006653   0.00528
 353/99998      5.8G   0.03064   0.01218  0.003004   0.04583       904       320     0.959    0.9004     0.943    0.6364   0.02488  0.006657  0.005337
 354/99998      5.8G   0.03145   0.01244  0.002889   0.04678       871       320    0.9573    0.9043    0.9428    0.6364   0.02482  0.006644  0.005261
 355/99998      5.8G   0.03125   0.01217  0.003039   0.04646       923       320    0.9592    0.9029    0.9413     0.635   0.02485  0.006644   0.00528
 356/99998      5.8G   0.03188   0.01223  0.003003   0.04711       976       320    0.9614    0.8977    0.9409    0.6356   0.02487  0.006652  0.005323
 357/99998      5.8G   0.03198   0.01228  0.002897   0.04715       738       320    0.9512    0.9066    0.9405    0.6338   0.02487  0.006647  0.005306
 358/99998      5.8G    0.0315   0.01232  0.002989   0.04682       933       320    0.9603    0.8984    0.9402    0.6345   0.02491  0.006649  0.005275
 359/99998      5.8G   0.03113   0.01235   0.00295   0.04643       853       320     0.958    0.8986    0.9404    0.6334   0.02493  0.006671  0.005198
 360/99998      5.8G   0.03134   0.01217   0.00314   0.04665       830       320     0.953    0.9062    0.9427    0.6352   0.02491  0.006654  0.005126
 361/99998      5.8G   0.03084   0.01225  0.002913   0.04601       924       320    0.9511    0.9093     0.942    0.6344   0.02489  0.006656  0.005172
 362/99998      5.8G   0.03125   0.01241  0.003016   0.04668       863       320    0.9548    0.9012    0.9406    0.6344   0.02486  0.006647  0.005242
 363/99998      5.8G   0.03099   0.01206  0.003073   0.04613       839       320    0.9507     0.905    0.9408     0.636   0.02479  0.006619  0.005232
 364/99998      5.8G   0.03127   0.01205  0.002854   0.04617       951       320    0.9503    0.9073    0.9419    0.6359   0.02482  0.006612  0.005251
 365/99998      5.8G   0.03127   0.01214  0.002992   0.04641       873       320    0.9462    0.9083    0.9406    0.6354   0.02482  0.006626  0.005316
 366/99998      5.8G   0.03096   0.01235  0.003224   0.04654       841       320    0.9513    0.9027    0.9401    0.6341   0.02486   0.00665  0.005449
 367/99998      5.8G   0.03107   0.01214  0.002942   0.04615       872       320     0.953    0.8993    0.9404    0.6347   0.02489  0.006645  0.005497
 368/99998      5.8G   0.03163   0.01216  0.003045   0.04683       739       320      0.96     0.894    0.9411    0.6356   0.02492  0.006642  0.005337
 369/99998      5.8G   0.03141   0.01216  0.002999   0.04657       768       320    0.9519    0.9025    0.9419    0.6366   0.02492  0.006625  0.005233
 370/99998      5.8G   0.03135     0.012  0.002932   0.04628       881       320    0.9496    0.9049    0.9418    0.6366   0.02489   0.00662  0.005236
 371/99998      5.8G   0.03156   0.01229   0.00291   0.04676       796       320    0.9556    0.9003    0.9417     0.636   0.02488  0.006631  0.005264
 372/99998      5.8G   0.03189   0.01225  0.003085   0.04723       825       320    0.9521    0.8999    0.9412    0.6355   0.02488  0.006622  0.005293
 373/99998      5.8G   0.03132   0.01228   0.00306   0.04666       868       320    0.9577    0.8975    0.9414    0.6357   0.02488  0.006636  0.005251
 374/99998      5.8G   0.03094    0.0123  0.003023   0.04626       950       320     0.961     0.898    0.9417    0.6352   0.02487  0.006625  0.005245
 375/99998      5.8G   0.03155   0.01223  0.002827   0.04661       918       320    0.9607    0.9004     0.942    0.6364   0.02487  0.006639  0.005183
 376/99998      5.8G   0.03055   0.01211  0.002982   0.04564       968       320    0.9566    0.9005    0.9406    0.6363   0.02483  0.006641  0.005204
 377/99998      5.8G    0.0317   0.01227  0.003037   0.04701       954       320    0.9556    0.9007    0.9404    0.6356   0.02479  0.006641  0.005322
 378/99998      5.8G   0.03106   0.01215  0.002973   0.04618       858       320    0.9492    0.9022    0.9413     0.637   0.02477  0.006638  0.005339
 379/99998      5.8G   0.03141   0.01234  0.002884   0.04663       929       320    0.9544    0.8994    0.9414     0.637   0.02478  0.006634  0.005338
 380/99998      5.8G   0.03147   0.01228  0.002972   0.04673       955       320    0.9455    0.9103    0.9423    0.6373   0.02476  0.006619  0.005313
 381/99998      5.8G   0.03151   0.01203     0.003   0.04654       879       320    0.9416    0.9134    0.9417    0.6362   0.02474  0.006614  0.005336
 382/99998      5.8G   0.03145   0.01226  0.002985   0.04669       886       320    0.9467    0.9074    0.9429    0.6362   0.02476  0.006606  0.005275
 383/99998      5.8G   0.03098   0.01198  0.002865   0.04583       972       320    0.9559    0.8997    0.9421    0.6351    0.0248  0.006626  0.005248
 384/99998      5.8G   0.03128     0.012   0.00296   0.04625       775       320     0.962    0.8995    0.9425    0.6366   0.02479  0.006612  0.005254
 385/99998      5.8G   0.03217   0.01253  0.003076   0.04778       901       320    0.9605     0.902    0.9433    0.6365   0.02478  0.006616  0.005235
 386/99998      5.8G   0.03076   0.01219  0.003088   0.04604       930       320    0.9551    0.9046    0.9421    0.6376   0.02475  0.006614  0.005256
 387/99998      5.8G   0.03209   0.01213  0.002919   0.04714       888       320    0.9608    0.9032     0.943    0.6378   0.02476  0.006609  0.005263
 388/99998      5.8G   0.03065   0.01247  0.002933   0.04605       977       320    0.9564    0.9057    0.9422    0.6373   0.02477  0.006608  0.005308
 389/99998      5.8G   0.03094   0.01232  0.002938   0.04621       805       320    0.9526    0.9057    0.9417    0.6372    0.0248  0.006633  0.005319
 390/99998      5.8G   0.03108   0.01218  0.003021   0.04629       963       320    0.9564    0.9042    0.9413    0.6374   0.02478  0.006652  0.005279
 391/99998      5.8G   0.03164   0.01224   0.00284   0.04671       944       320    0.9528    0.9095    0.9415    0.6374   0.02477  0.006642  0.005227
 392/99998      5.8G   0.03117   0.01206  0.002957   0.04619       987       320    0.9527    0.9085    0.9428    0.6378   0.02475  0.006641  0.005216
 393/99998      5.8G   0.03167   0.01205  0.003024   0.04674       794       320    0.9541    0.9085    0.9434    0.6375   0.02473  0.006635  0.005303
 394/99998      5.8G    0.0306   0.01207  0.003118   0.04579       839       320    0.9526    0.9086     0.944    0.6377   0.02474  0.006641    0.0053
 395/99998      5.8G   0.03134   0.01224  0.002978   0.04656       765       320    0.9585    0.8997    0.9443    0.6384   0.02473  0.006636  0.005327
 396/99998      5.8G   0.03148   0.01229  0.002815   0.04658       851       320    0.9534     0.904    0.9431    0.6389   0.02471  0.006629   0.00537
 397/99998      5.8G   0.03172   0.01227  0.002971   0.04696       845       320    0.9532    0.9057    0.9429    0.6388   0.02472  0.006621  0.005351
 398/99998      5.8G   0.03117   0.01199  0.003056   0.04622       803       320     0.955    0.9062    0.9435    0.6384    0.0247  0.006621  0.005349
 399/99998      5.8G   0.03103   0.01196  0.002876   0.04586       860       320    0.9572    0.9042    0.9433    0.6371   0.02473  0.006624  0.005323
 400/99998      5.8G   0.03137   0.01227  0.002832   0.04647       843       320    0.9555    0.9066    0.9435    0.6377   0.02471  0.006612  0.005257
 401/99998      5.8G   0.03131    0.0122  0.002862   0.04638       914       320    0.9557    0.9074    0.9437    0.6379   0.02469  0.006607  0.005264
 402/99998      5.8G   0.03141   0.01219   0.00307   0.04667       821       320    0.9505    0.9099    0.9439    0.6385   0.02467  0.006614  0.005344
 403/99998      5.8G   0.03131   0.01225  0.002824   0.04638       794       320    0.9526    0.9074    0.9442    0.6396   0.02466  0.006615  0.005387
 404/99998      5.8G   0.03168   0.01221  0.002803   0.04669       890       320    0.9508    0.9118    0.9438    0.6369   0.02467   0.00664   0.00542
 405/99998      5.8G   0.03081    0.0122  0.003117   0.04613       902       320    0.9548    0.9078    0.9438    0.6366    0.0247  0.006635   0.00546
 406/99998      5.8G   0.03185   0.01214  0.002828   0.04683       831       320     0.954    0.9068    0.9434    0.6375    0.0247   0.00661  0.005455
 407/99998      5.8G   0.03094   0.01213  0.002825    0.0459       932       320    0.9557    0.9049    0.9427    0.6376   0.02472  0.006605  0.005427
 408/99998      5.8G   0.03107   0.01219  0.002804   0.04606       866       320    0.9424    0.9141    0.9418    0.6382   0.02472    0.0066  0.005451
 409/99998      5.8G    0.0313   0.01227  0.002845   0.04641       839       320    0.9537    0.9068    0.9422    0.6387   0.02473  0.006596  0.005397
 410/99998      5.8G   0.03117   0.01206  0.002943   0.04617       888       320    0.9542    0.9061    0.9418     0.638   0.02476  0.006602  0.005404
 411/99998      5.8G   0.03114   0.01203  0.002935   0.04611       802       320    0.9529    0.9082    0.9416    0.6374   0.02474  0.006584  0.005394
 412/99998      5.8G   0.03048   0.01214   0.00296   0.04558       983       320    0.9612    0.9019    0.9431    0.6368   0.02473   0.00659  0.005387
 413/99998      5.8G   0.03162    0.0121  0.002891   0.04662       904       320     0.954    0.9063    0.9414    0.6363   0.02474  0.006607  0.005451
 414/99998      5.8G   0.03161   0.01233  0.002948   0.04689       818       320    0.9558    0.9066    0.9425    0.6356   0.02471  0.006609   0.00544
 415/99998      5.8G   0.03052   0.01194   0.00272   0.04518       830       320    0.9651    0.8992    0.9418     0.638   0.02468  0.006595  0.005411
 416/99998      5.8G   0.03131   0.01217  0.002873   0.04635       988       320    0.9594    0.9049    0.9424    0.6373   0.02465  0.006593  0.005433
 417/99998      5.8G   0.03092     0.012   0.00296   0.04589      1005       320    0.9621    0.9033    0.9419    0.6375   0.02465  0.006598  0.005489
 418/99998      5.8G   0.03107   0.01205  0.002786    0.0459       740       320    0.9572    0.9056    0.9419    0.6363   0.02464  0.006587  0.005571
 419/99998      5.8G   0.03108   0.01217  0.002828   0.04608       725       320    0.9515    0.9056     0.941     0.637   0.02464  0.006596  0.005592
 420/99998      5.8G   0.03116   0.01212  0.002883   0.04616       892       320    0.9587    0.8973    0.9409    0.6375   0.02464  0.006599    0.0056
 421/99998      5.8G   0.03094   0.01208  0.002789   0.04581       849       320    0.9528    0.9044    0.9408    0.6371   0.02461  0.006593  0.005569
 422/99998      5.8G   0.03157   0.01199  0.002916   0.04648       820       320    0.9603    0.8995    0.9414    0.6371    0.0246   0.00659  0.005537
 423/99998      5.8G    0.0313   0.01229  0.002961   0.04654       874       320    0.9565    0.9036    0.9419    0.6379   0.02457  0.006569  0.005499
 424/99998      5.8G   0.03153   0.01215   0.00274   0.04641      1114       320    0.9454    0.9139    0.9425    0.6373   0.02458  0.006563   0.00553
 425/99998      5.8G   0.03073   0.01195  0.002796   0.04548       892       320    0.9499    0.9102    0.9421    0.6369   0.02456  0.006565  0.005488
 426/99998      5.8G   0.03102   0.01201  0.002782   0.04581       795       320    0.9491    0.9137    0.9422    0.6367   0.02457  0.006584  0.005429
 427/99998      5.8G   0.03083   0.01199  0.002906   0.04572       868       320    0.9502    0.9105    0.9414    0.6363   0.02459  0.006598  0.005423
 428/99998      5.8G   0.03119   0.01197   0.00282   0.04597       808       320    0.9524     0.909    0.9409    0.6368   0.02459  0.006599  0.005409
 429/99998      5.8G   0.03142   0.01221  0.002961   0.04659       783       320    0.9559    0.9086    0.9418    0.6358    0.0246   0.00661  0.005368
 430/99998      5.8G    0.0313   0.01229  0.003039   0.04663      1088       320     0.954    0.9091    0.9415    0.6362   0.02461  0.006616  0.005387
 431/99998      5.8G   0.03146    0.0123  0.002793   0.04656      1027       320    0.9509     0.909    0.9414    0.6366   0.02459  0.006618  0.005414
 432/99998      5.8G   0.03113    0.0121  0.002805   0.04603       780       320    0.9541    0.9047    0.9411    0.6365   0.02457  0.006619  0.005412
 433/99998      5.8G   0.03144   0.01221  0.002818   0.04647       970       320    0.9532    0.9049    0.9412    0.6378   0.02455  0.006603   0.00538
 434/99998      5.8G   0.03158   0.01238  0.002661   0.04663       851       320    0.9517    0.9088    0.9422    0.6383   0.02456  0.006599  0.005378
 435/99998      5.8G    0.0311   0.01204   0.00293   0.04608       896       320    0.9542    0.9062    0.9416    0.6383   0.02459   0.00661  0.005344
 436/99998      5.8G   0.03098   0.01227  0.002835   0.04609       935       320    0.9493    0.9112     0.941    0.6388   0.02459  0.006608  0.005342
 437/99998      5.8G   0.03095   0.01235  0.002913   0.04621       903       320    0.9517    0.9101    0.9412    0.6387    0.0246  0.006613  0.005322
 438/99998      5.8G   0.03101   0.01207  0.002825    0.0459       896       320    0.9583    0.9052    0.9415    0.6391    0.0246  0.006613  0.005274
 439/99998      5.8G   0.03089   0.01219   0.00277   0.04585       879       320    0.9533      0.91    0.9414    0.6396    0.0246  0.006608  0.005257
 440/99998      5.8G   0.03068   0.01215  0.002851   0.04569       755       320    0.9531    0.9103    0.9414    0.6398    0.0246  0.006601  0.005276
 441/99998      5.8G     0.031   0.01198  0.002728   0.04571       870       320    0.9516    0.9122    0.9413     0.639    0.0246  0.006599  0.005264
 442/99998      5.8G   0.03127   0.01219  0.002838    0.0463       834       320    0.9542    0.9102    0.9412    0.6386   0.02459  0.006598  0.005253
 443/99998      5.8G   0.03093   0.01225  0.002965   0.04615       883       320     0.958    0.9073    0.9409    0.6384   0.02461  0.006613   0.00526
 444/99998      5.8G   0.03074   0.01217  0.002832   0.04574       871       320    0.9536    0.9103    0.9416    0.6387    0.0246  0.006616  0.005256
 445/99998      5.8G    0.0302   0.01203  0.002869    0.0451       884       320    0.9508    0.9145    0.9419    0.6396   0.02461   0.00661  0.005243
 446/99998      5.8G   0.03131   0.01207  0.002715    0.0461      1059       320    0.9472    0.9161     0.942    0.6382   0.02461  0.006617  0.005225
 447/99998      5.8G   0.03084   0.01203  0.002688   0.04556       939       320    0.9414    0.9192    0.9417    0.6383   0.02461   0.00661   0.00526
 448/99998      5.8G   0.03114    0.0121  0.002916   0.04615       880       320    0.9432    0.9183    0.9423     0.638   0.02462  0.006608  0.005254
 449/99998      5.8G   0.03134   0.01215  0.002888   0.04638       876       320    0.9585    0.9053    0.9423    0.6373   0.02461  0.006611  0.005275
 450/99998      5.8G    0.0309   0.01189  0.002689   0.04548       901       320    0.9588    0.9046     0.942    0.6384    0.0246  0.006604  0.005288
 451/99998      5.8G   0.03124   0.01204  0.002707   0.04598       934       320    0.9595    0.9056    0.9421    0.6382   0.02459  0.006598  0.005261
 452/99998      5.8G   0.03087   0.01197  0.002681   0.04552       942       320    0.9591    0.9052    0.9424    0.6378   0.02461  0.006607  0.005277
 453/99998      5.8G    0.0305   0.01194  0.002908   0.04535       894       320    0.9596    0.9043    0.9424    0.6371   0.02463   0.00662  0.005308
 454/99998      5.8G   0.03171   0.01203  0.002775   0.04651       807       320    0.9561    0.9076    0.9425    0.6375   0.02463  0.006628  0.005292
 455/99998      5.8G   0.03111   0.01197  0.002835   0.04591       769       320     0.956    0.9073    0.9417    0.6377    0.0246  0.006624  0.005312
 456/99998      5.8G   0.03062   0.01207  0.002796   0.04548       806       320    0.9489    0.9135     0.943    0.6388    0.0246  0.006623  0.005314
 457/99998      5.8G   0.03133   0.01209  0.002973   0.04639       887       320    0.9496    0.9126    0.9426     0.638    0.0246  0.006619  0.005335
 458/99998      5.8G   0.03132   0.01206  0.002933   0.04631       831       320    0.9603    0.9035    0.9423    0.6381   0.02459  0.006626  0.005376
 459/99998      5.8G   0.03061   0.01205  0.003095   0.04576       741       320      0.95    0.9159    0.9424    0.6379    0.0246  0.006633   0.00537
 460/99998      5.8G   0.03081   0.01213  0.003177   0.04611       862       320    0.9497    0.9144    0.9417    0.6378   0.02459  0.006631  0.005349
 461/99998      5.8G   0.03083   0.01223  0.002784   0.04584       887       320    0.9486    0.9169    0.9426    0.6373    0.0246  0.006636  0.005339
 462/99998      5.8G   0.03083   0.01209  0.002826   0.04574       847       320    0.9502    0.9157    0.9421    0.6377   0.02458  0.006638    0.0053
 463/99998      5.8G    0.0309     0.012  0.002738   0.04564       963       320    0.9493    0.9177    0.9419    0.6381   0.02458  0.006629  0.005289
 464/99998      5.8G   0.03206   0.01229  0.002876   0.04723       921       320    0.9496    0.9166    0.9418    0.6378   0.02459  0.006628  0.005302
 465/99998      5.8G   0.03093   0.01226   0.00287   0.04606       956       320    0.9601    0.9059    0.9422    0.6378   0.02458  0.006632  0.005294
 466/99998      5.8G   0.03083   0.01204  0.002915   0.04579       792       320    0.9508    0.9155    0.9423    0.6377   0.02457  0.006626  0.005285
 467/99998      5.8G   0.03075   0.01226  0.002889    0.0459      1096       320    0.9538    0.9119     0.942    0.6379    0.0246  0.006626  0.005301
 468/99998      5.8G    0.0306   0.01194  0.002824   0.04537       743       320    0.9597    0.9066    0.9426    0.6376   0.02461  0.006625  0.005313
 469/99998      5.8G   0.03101   0.01215   0.00268   0.04585       943       320    0.9577    0.9074    0.9428    0.6376   0.02461  0.006624  0.005326
 470/99998      5.8G    0.0312   0.01216  0.002837   0.04619      1057       320    0.9508    0.9133    0.9431     0.638   0.02461  0.006627  0.005314
 471/99998      5.8G   0.03037   0.01216  0.002708   0.04524       866       320    0.9519    0.9141    0.9438    0.6381   0.02459  0.006622  0.005303
 472/99998      5.8G   0.03062   0.01204  0.002675   0.04533       810       320    0.9522    0.9123    0.9437     0.639   0.02458  0.006615  0.005322
 473/99998      5.8G   0.03106   0.01216  0.002906   0.04613       956       320    0.9578    0.9082    0.9441    0.6396   0.02457   0.00661  0.005356
 474/99998      5.8G   0.03084   0.01209  0.002818   0.04575       807       320    0.9534    0.9121    0.9442    0.6391   0.02456  0.006606  0.005379
 475/99998      5.8G   0.03122   0.01193  0.002772   0.04592       787       320    0.9546    0.9099    0.9445    0.6393   0.02456  0.006604  0.005376
 476/99998      5.8G   0.03059   0.01198   0.00283    0.0454       876       320    0.9549    0.9103    0.9441    0.6391   0.02455  0.006607  0.005383
 477/99998      5.8G   0.03122   0.01215  0.002645   0.04601       907       320    0.9542    0.9094     0.944     0.639   0.02454  0.006599   0.00537
 478/99998      5.8G   0.03122   0.01203  0.002682   0.04594       961       320     0.951    0.9132    0.9442    0.6387   0.02454  0.006598  0.005359
 479/99998      5.8G   0.03071    0.0119  0.002958   0.04557       820       320    0.9585    0.9064    0.9441    0.6393   0.02454  0.006599  0.005361
 480/99998      5.8G    0.0301   0.01178  0.002908   0.04479       874       320    0.9491    0.9136    0.9439    0.6392   0.02453  0.006599  0.005372
 481/99998      5.8G   0.03123   0.01223  0.002698   0.04616       959       320    0.9539    0.9076    0.9446    0.6395   0.02453  0.006608  0.005366
 482/99998      5.8G   0.03109   0.01198  0.002806   0.04587       945       320    0.9511    0.9098    0.9442    0.6385   0.02452  0.006607  0.005364
 483/99998      5.8G   0.03102   0.01208  0.002826   0.04593       796       320    0.9524    0.9094     0.944    0.6387   0.02452  0.006602  0.005359
 484/99998      5.8G   0.03061   0.01205  0.002762   0.04543       927       320      0.95    0.9139    0.9438     0.638   0.02453  0.006611   0.00535
 485/99998      5.8G   0.03009   0.01186  0.002553    0.0445       828       320    0.9459    0.9183    0.9437    0.6379   0.02453  0.006612  0.005354
 486/99998      5.8G    0.0307   0.01189  0.002768   0.04537       823       320    0.9502    0.9164    0.9436     0.638   0.02453  0.006613  0.005339
 487/99998      5.8G   0.03036   0.01199  0.002585   0.04494       842       320    0.9511    0.9154    0.9443    0.6383   0.02452  0.006612  0.005327
 488/99998      5.8G   0.03095   0.01208  0.002995   0.04603       800       320    0.9511    0.9137    0.9436    0.6387   0.02453  0.006615  0.005318
 489/99998      5.8G   0.03092    0.0122  0.002913   0.04603       814       320    0.9546    0.9103     0.944    0.6396   0.02452  0.006608  0.005326
 490/99998      5.8G   0.03046   0.01192  0.002911    0.0453       880       320     0.955    0.9105     0.944     0.639   0.02452  0.006601  0.005313
 491/99998      5.8G   0.03094   0.01192  0.002744    0.0456       847       320    0.9576    0.9085    0.9434    0.6399   0.02452  0.006596  0.005313
 492/99998      5.8G   0.03099   0.01207  0.002802   0.04586       955       320     0.956    0.9087    0.9432    0.6397   0.02451  0.006595  0.005324
 493/99998      5.8G   0.03056   0.01206  0.002914   0.04553       800       320    0.9463    0.9184     0.943    0.6391   0.02452  0.006592  0.005348
 494/99998      5.8G   0.03082   0.01192  0.002695   0.04543       839       320    0.9505    0.9167    0.9435    0.6388   0.02452  0.006591  0.005352
 495/99998      5.8G   0.03124    0.0121  0.002786   0.04612       871       320    0.9571    0.9102    0.9432    0.6396   0.02452  0.006596  0.005382
 496/99998      5.8G   0.03064    0.0121  0.002708   0.04545       887       320     0.957     0.909    0.9431    0.6387   0.02453    0.0066  0.005385
 497/99998      5.8G   0.03081   0.01187  0.002757   0.04544      1131       320    0.9568    0.9086    0.9429    0.6385   0.02453  0.006602  0.005394
 498/99998      5.8G   0.03091    0.0121  0.002919   0.04593       989       320    0.9499    0.9146    0.9428    0.6392   0.02452  0.006604  0.005415
 499/99998      5.8G   0.03032     0.012  0.002878    0.0452       850       320    0.9476    0.9157    0.9427    0.6386   0.02454   0.00661  0.005449
 500/99998      5.8G   0.03125    0.0121  0.002901   0.04625       901       320    0.9509    0.9133    0.9422     0.639   0.02452  0.006605  0.005448
 501/99998      5.8G   0.03064   0.01194  0.002744   0.04532       910       320    0.9486    0.9151    0.9422      0.64   0.02452  0.006601  0.005443
 502/99998      5.8G   0.03094   0.01211  0.002757   0.04581       903       320    0.9525    0.9123    0.9424    0.6402   0.02451  0.006597  0.005429
 503/99998      5.8G   0.03135   0.01217  0.002931   0.04645      1113       320     0.951    0.9115    0.9424     0.641    0.0245  0.006598  0.005428
 504/99998      5.8G   0.03103   0.01199  0.002758   0.04577       827       320    0.9503    0.9117    0.9421    0.6401    0.0245  0.006596  0.005439
 505/99998      5.8G   0.03161   0.01208   0.00277   0.04646       975       320    0.9574    0.9044    0.9417      0.64   0.02449  0.006598  0.005432
 506/99998      5.8G   0.03124   0.01211  0.002658   0.04601      1061       320    0.9562    0.9074    0.9424    0.6399    0.0245    0.0066  0.005425
 507/99998      5.8G    0.0307   0.01197  0.002753   0.04542       798       320    0.9555    0.9083    0.9422    0.6395    0.0245  0.006603  0.005431
 508/99998      5.8G   0.03058   0.01183  0.002707   0.04512       731       320    0.9565    0.9079    0.9419    0.6394   0.02451  0.006604  0.005428
 509/99998      5.8G   0.03039   0.01217  0.003066   0.04562       848       320    0.9543    0.9084    0.9417    0.6395    0.0245  0.006604   0.00541
 510/99998      5.8G   0.03102   0.01209  0.002705   0.04581       836       320    0.9548    0.9088    0.9419    0.6396    0.0245  0.006605  0.005419
 511/99998      5.8G   0.03041   0.01205  0.002715   0.04517       804       320    0.9543    0.9088    0.9418      0.64   0.02448  0.006602  0.005419
 512/99998      5.8G   0.03016   0.01196  0.002612   0.04473       740       320    0.9517    0.9108    0.9424    0.6407   0.02447    0.0066  0.005423
 513/99998      5.8G    0.0307   0.01202  0.002716   0.04543       937       320    0.9515    0.9113    0.9431    0.6408   0.02447    0.0066  0.005433
