   0/99998     7.89G     0.126   0.02715   0.02129    0.1744      2101       320    0.8411    0.0557   0.05524   0.01983    0.1074   0.01993    0.0146
   1/99998     5.95G    0.1083   0.02876   0.01438    0.1515      2184       320    0.6578    0.1235    0.1037   0.04553    0.1005   0.01983   0.01241
   2/99998     5.95G    0.1033   0.02919   0.01307    0.1456      2337       320    0.5559     0.144     0.117   0.05389    0.0979   0.01978    0.0119
   3/99998     5.95G    0.1003   0.02921   0.01257    0.1421      2315       320    0.5875    0.1685    0.1382   0.06439   0.09568   0.01961   0.01137
   4/99998     5.95G   0.09857   0.02915   0.01221    0.1399      2281       320    0.5205    0.1828    0.1588   0.07313   0.09451   0.01957   0.01115
   5/99998     5.95G   0.09777   0.02915   0.01196    0.1389      2113       320    0.5633    0.2017    0.1671   0.07862   0.09386   0.01948   0.01081
   6/99998     5.95G   0.09707   0.02903   0.01179    0.1379      2333       320    0.4165     0.212    0.1746   0.08197   0.09328   0.01939   0.01059
   7/99998     5.95G   0.09657   0.02903   0.01163    0.1372      2186       320    0.4148    0.2061    0.1735   0.08272   0.09287   0.01938   0.01054
   8/99998     5.95G   0.09619     0.029   0.01157    0.1368      2088       320    0.4471    0.2249     0.188   0.08931   0.09232   0.01934    0.0103
   9/99998     5.95G   0.09585   0.02894    0.0115    0.1363      2171       320    0.4697     0.226    0.1932   0.09149   0.09196   0.01928   0.01026
  10/99998     5.95G   0.09567   0.02884   0.01143    0.1359      2632       320    0.4376     0.253    0.2004   0.09446   0.09164   0.01936   0.01019
  11/99998     5.95G   0.09533   0.02896   0.01141    0.1357      2235       320    0.5016    0.2357    0.2048   0.09735   0.09129   0.01922   0.01005
  12/99998     5.95G   0.09521   0.02898   0.01131    0.1355      2506       320    0.4996     0.228     0.213    0.1032   0.09114    0.0192  0.009981
  13/99998     5.95G   0.09506   0.02898    0.0113    0.1353      2110       320    0.5009     0.241    0.2207    0.1079   0.09086   0.01918  0.009882
  14/99998     5.95G   0.09491   0.02892   0.01124    0.1351      2261       320    0.5998    0.2211    0.2318    0.1161   0.09064   0.01917  0.009811
  15/99998     5.95G   0.09485   0.02895   0.01117     0.135      2220       320    0.4972    0.2536    0.2413    0.1225   0.09048   0.01913  0.009678
  16/99998     5.95G   0.09463   0.02901   0.01109    0.1347      2126       320    0.6255    0.2347    0.2537    0.1295   0.09028   0.01907    0.0096
  17/99998     5.95G   0.09452   0.02894   0.01101    0.1345      2363       320    0.5347    0.2663    0.2562    0.1315   0.09013   0.01906  0.009548
  18/99998     5.95G   0.09441   0.02897   0.01111    0.1345      2423       320    0.5611    0.2542    0.2582    0.1329   0.08999   0.01907  0.009495
  19/99998     5.95G   0.09439   0.02896     0.011    0.1344      2361       320    0.5203    0.2725    0.2606    0.1355   0.08987   0.01903  0.009467
  20/99998     5.95G   0.09437   0.02897   0.01095    0.1343      2299       320    0.5584    0.2654    0.2628    0.1366   0.08978   0.01901   0.00945
  21/99998     5.95G   0.09419   0.02888   0.01098     0.134      2291       320    0.5286     0.278    0.2654    0.1374   0.08967   0.01901  0.009403
  22/99998     5.95G   0.09412   0.02893   0.01097     0.134      2059       320    0.5634    0.2692    0.2689    0.1394   0.08958   0.01901   0.00937
  23/99998     5.95G   0.09405   0.02893   0.01085    0.1338      2336       320    0.5644    0.2697    0.2716     0.141   0.08951     0.019  0.009321
  24/99998     5.95G   0.09405     0.029   0.01091     0.134      2068       320    0.5452    0.2779    0.2718    0.1411   0.08944   0.01899  0.009303
  25/99998     5.95G   0.09397   0.02894   0.01091    0.1338      2051       320    0.5276    0.2822    0.2729    0.1423   0.08938   0.01897   0.00928
  26/99998     5.95G   0.09385    0.0289   0.01087    0.1336      2247       320    0.5331    0.2846    0.2752    0.1433   0.08932   0.01897  0.009264
  27/99998     5.95G   0.09384   0.02893    0.0109    0.1337      2203       320    0.5549    0.2772    0.2755    0.1437   0.08928   0.01897  0.009249
  28/99998     5.95G   0.09383   0.02889   0.01087    0.1336      2313       320    0.5618     0.273    0.2758    0.1439   0.08923   0.01896  0.009238
  29/99998     5.95G   0.09376   0.02891   0.01084    0.1335      2154       320    0.5625    0.2731    0.2765    0.1443   0.08919   0.01896   0.00923
  30/99998     5.95G    0.0937    0.0289   0.01078    0.1334      2444       320    0.6243    0.2554    0.2768    0.1446   0.08917   0.01896  0.009223
  31/99998     5.95G   0.09368   0.02897   0.01077    0.1334      2143       320    0.6372    0.2523    0.2765    0.1447   0.08915   0.01896  0.009218
  32/99998     5.95G   0.09354   0.02887   0.01076    0.1332      2453       320    0.6478    0.2506     0.277     0.145   0.08913   0.01896  0.009207
  33/99998     5.95G   0.09355   0.02883   0.01077    0.1331      2084       320    0.6407     0.253    0.2783    0.1455    0.0891   0.01895    0.0092
  34/99998     5.95G   0.09348   0.02883    0.0107     0.133      2439       320    0.6445    0.2536    0.2787    0.1456   0.08909   0.01895  0.009195
  35/99998     5.95G   0.09348   0.02885   0.01076    0.1331      2369       320    0.6394    0.2532    0.2788     0.146   0.08907   0.01895   0.00919
  36/99998     5.95G   0.09335   0.02888   0.01067    0.1329      2433       320    0.5826    0.2674    0.2793    0.1461   0.08906   0.01895  0.009186
  37/99998     5.95G   0.09341   0.02887   0.01072     0.133      2331       320    0.5762    0.2709    0.2795    0.1462   0.08905   0.01894  0.009183
  38/99998     5.95G   0.09338   0.02888   0.01075     0.133      2197       320    0.5858    0.2683    0.2793    0.1465   0.08904   0.01895  0.009178
  39/99998     5.95G   0.09339   0.02884   0.01079     0.133      2315       320    0.5659    0.2754    0.2797    0.1468   0.08904   0.01894  0.009175
  40/99998     5.95G   0.09332   0.02893   0.01072     0.133      2359       320    0.5567    0.2797      0.28     0.147   0.08903   0.01894  0.009172
  41/99998     5.95G   0.09329   0.02884   0.01073    0.1329      2324       320    0.5685    0.2761    0.2803    0.1472   0.08903   0.01894  0.009171
  42/99998     5.95G   0.09329   0.02888   0.01065    0.1328      2265       320    0.5797    0.2714    0.2804    0.1475   0.08903   0.01894  0.009168
  43/99998     5.95G   0.09321    0.0289   0.01064    0.1328      2490       320    0.5546    0.2828    0.2811    0.1476   0.08902   0.01894  0.009166
  44/99998     5.95G   0.09327   0.02893   0.01063    0.1328      2348       320    0.5544    0.2845    0.2815    0.1476   0.08902   0.01894  0.009165
  45/99998     5.95G   0.09323   0.02888   0.01064    0.1327      2463       320    0.5605    0.2821    0.2818    0.1478   0.08902   0.01894  0.009163
  46/99998     5.95G   0.09316   0.02888   0.01063    0.1327      2349       320    0.5675    0.2803    0.2821    0.1478   0.08902   0.01894  0.009163
  47/99998     5.95G   0.09314   0.02887   0.01062    0.1326      2244       320     0.567    0.2802     0.282     0.148   0.08902   0.01894  0.009162
  48/99998     5.95G   0.09321   0.02884   0.01069    0.1327      2488       320    0.5786     0.276    0.2822    0.1481   0.08903   0.01894  0.009161
  49/99998     5.95G    0.0931   0.02887   0.01057    0.1325      2209       320      0.57    0.2794    0.2824    0.1482   0.08903   0.01894  0.009163
  50/99998     5.95G    0.0931   0.02891   0.01059    0.1326      2171       320    0.5791    0.2758     0.283    0.1482   0.08904   0.01894  0.009164
  51/99998     5.95G   0.09303   0.02888   0.01059    0.1325      2271       320    0.5774     0.278    0.2832    0.1481   0.08904   0.01894  0.009163
  52/99998     5.95G   0.09308   0.02892   0.01058    0.1326      2452       320    0.5805    0.2775    0.2835     0.148   0.08905   0.01895  0.009163
  53/99998     5.95G   0.09307   0.02888    0.0106    0.1325      2049       320    0.5789    0.2773    0.2827    0.1479   0.08906   0.01894  0.009164
  54/99998     5.95G     0.093   0.02884   0.01061    0.1325      2155       320    0.5801    0.2788    0.2829    0.1478   0.08906   0.01895  0.009166
  55/99998     5.95G   0.09298   0.02893   0.01062    0.1325      2477       320    0.5781    0.2806    0.2834    0.1481   0.08907   0.01895  0.009165
  56/99998     5.95G   0.09295   0.02881   0.01059    0.1324      2270       320    0.5767    0.2799    0.2828    0.1483   0.08907   0.01895  0.009165
  57/99998     5.95G   0.09291   0.02882   0.01056    0.1323      2166       320    0.5778    0.2812    0.2837    0.1483   0.08908   0.01895  0.009164
  58/99998     5.95G    0.0929   0.02883   0.01055    0.1323      2235       320    0.5823    0.2791    0.2834    0.1484   0.08908   0.01894  0.009162
  59/99998     5.95G   0.09286   0.02889   0.01053    0.1323      2365       320    0.5823    0.2792    0.2837    0.1486   0.08908   0.01894  0.009161
  60/99998     5.95G   0.09292   0.02884   0.01057    0.1323      2258       320    0.5693     0.285    0.2839    0.1487   0.08908   0.01895  0.009159
  61/99998     5.95G   0.09285   0.02883   0.01056    0.1322      2348       320    0.5761    0.2812    0.2835    0.1487   0.08909   0.01895  0.009158
  62/99998     5.95G   0.09285   0.02885   0.01049    0.1322      2416       320    0.5787    0.2808    0.2842    0.1488   0.08908   0.01895  0.009156
  63/99998     5.95G   0.09284    0.0288   0.01052    0.1322      2093       320    0.5722    0.2823     0.284     0.149   0.08909   0.01895  0.009155
  64/99998     5.95G   0.09287   0.02881    0.0105    0.1322      2459       320    0.5827    0.2808    0.2848    0.1494   0.08908   0.01896  0.009151
  65/99998     5.95G   0.09285   0.02889   0.01051    0.1323      2214       320    0.5713     0.286    0.2853    0.1495   0.08908   0.01896  0.009145
  66/99998     5.95G   0.09274   0.02874   0.01053     0.132      2555       320     0.576    0.2853    0.2857    0.1498   0.08908   0.01896  0.009142
  67/99998     5.95G   0.09281   0.02884   0.01052    0.1322      2384       320    0.5757    0.2842    0.2851    0.1499   0.08907   0.01895  0.009139
  68/99998     5.95G   0.09282   0.02883   0.01052    0.1322      2311       320    0.5854    0.2809    0.2863    0.1502   0.08907   0.01897  0.009134
  69/99998     5.95G   0.09282   0.02891   0.01056    0.1323      2261       320    0.5745    0.2856    0.2867    0.1503   0.08906   0.01896  0.009129
  70/99998     5.95G    0.0928   0.02891   0.01047    0.1322      2400       320    0.5772    0.2842    0.2868    0.1503   0.08905   0.01896  0.009125
  71/99998     5.95G   0.09278    0.0289   0.01054    0.1322      2218       320     0.582    0.2815    0.2863    0.1505   0.08904   0.01896  0.009121
  72/99998     5.95G   0.09275   0.02872    0.0105     0.132      2210       320    0.5684    0.2879    0.2872    0.1508   0.08903   0.01895  0.009118
  73/99998     5.95G   0.09278   0.02884   0.01047    0.1321      2261       320    0.5631    0.2906    0.2873    0.1508   0.08902   0.01896  0.009116
  74/99998     5.95G   0.09275   0.02885    0.0105    0.1321      2291       320    0.5676      0.29     0.288    0.1511   0.08901   0.01896  0.009112
  75/99998     5.95G   0.09268   0.02882   0.01047     0.132      2324       320    0.5645    0.2911    0.2887    0.1513     0.089   0.01896  0.009106
  76/99998     5.95G   0.09276   0.02886   0.01047    0.1321      2062       320    0.5624    0.2918    0.2892    0.1513   0.08899   0.01896  0.009101
  77/99998     5.95G   0.09273   0.02881   0.01054    0.1321      2275       320    0.5478    0.2982    0.2895    0.1514   0.08897   0.01896  0.009097
  78/99998     5.95G   0.09271   0.02889    0.0105    0.1321      2314       320     0.547    0.2988    0.2895    0.1517   0.08896   0.01896  0.009093
  79/99998     5.95G    0.0926   0.02876    0.0104    0.1318      2150       320    0.5405    0.3016    0.2897    0.1517   0.08894   0.01895  0.009091
  80/99998     5.95G   0.09276   0.02891   0.01047    0.1321      2326       320    0.5432    0.3001    0.2903    0.1519   0.08893   0.01895  0.009088
  81/99998     5.95G   0.09264   0.02878   0.01047    0.1319      2251       320    0.5482    0.2985    0.2905    0.1521   0.08891   0.01895  0.009086
  82/99998     5.95G   0.09275   0.02885   0.01052    0.1321      2144       320     0.589     0.281      0.29    0.1522    0.0889   0.01895  0.009082
  83/99998     5.95G   0.09266   0.02874   0.01044    0.1318      2262       320    0.5511    0.2953    0.2882    0.1517   0.08892   0.01895   0.00912
  84/99998     5.95G   0.09276   0.02887   0.01043    0.1321      2415       320    0.5675    0.2834    0.2861    0.1514   0.08895   0.01896  0.009142
  85/99998     5.95G   0.09268   0.02893   0.01051    0.1321      2262       320    0.5706    0.2842    0.2865    0.1515   0.08894   0.01895   0.00914
  86/99998     5.95G    0.0927   0.02888   0.01048    0.1321      2417       320    0.5814    0.2808    0.2873    0.1517   0.08892   0.01895  0.009132
  87/99998     5.95G   0.09266   0.02887   0.01047     0.132      2093       320    0.5647    0.2872    0.2872    0.1518   0.08891   0.01895  0.009133
  88/99998     5.95G   0.09264   0.02886   0.01048     0.132      2185       320    0.5717    0.2863    0.2881    0.1519   0.08889   0.01894  0.009124
  89/99998     5.95G   0.09258   0.02878   0.01046    0.1318      2205       320    0.5932    0.2808    0.2892    0.1524   0.08886   0.01894  0.009113
  90/99998     5.95G   0.09268   0.02884   0.01049     0.132      2315       320     0.586    0.2775    0.2853     0.151   0.08892   0.01896   0.00916
  91/99998     5.95G   0.09266   0.02882   0.01048     0.132      2332       320    0.6011    0.2699    0.2839    0.1503   0.08897   0.01899  0.009191
  92/99998     5.95G   0.09257   0.02884   0.01048    0.1319      2420       320    0.5992    0.2709    0.2846    0.1507   0.08894   0.01898  0.009179
  93/99998     5.95G   0.09257   0.02884    0.0105    0.1319      2356       320    0.6129    0.2678    0.2855     0.151   0.08892   0.01898  0.009168
  94/99998     5.95G   0.09256   0.02883   0.01041    0.1318      2461       320    0.6126    0.2683    0.2865    0.1515   0.08889   0.01897  0.009157
  95/99998     5.95G   0.09258   0.02884   0.01047    0.1319      2256       320    0.6082    0.2717    0.2867    0.1519   0.08887   0.01897  0.009151
  96/99998     5.95G   0.09259   0.02883   0.01041    0.1318      2323       320    0.6052    0.2722    0.2871    0.1522   0.08885   0.01897  0.009144
  97/99998     5.95G    0.0926    0.0288   0.01049    0.1319      2271       320    0.5961    0.2752    0.2872    0.1525   0.08883   0.01896  0.009137
  98/99998     5.95G   0.09251   0.02891   0.01045    0.1319      2433       320    0.5981    0.2748    0.2877    0.1527   0.08881   0.01896   0.00913
  99/99998     5.95G    0.0925   0.02884   0.01043    0.1318      2303       320    0.6024    0.2748    0.2887    0.1529    0.0888   0.01895  0.009126
 100/99998     5.95G    0.0925   0.02875    0.0104    0.1316      2270       320    0.5995    0.2753     0.289    0.1531   0.08877   0.01895  0.009118
 101/99998     5.95G   0.09253   0.02881   0.01044    0.1318      2317       320    0.5843    0.2813    0.2898    0.1536   0.08875   0.01894  0.009104
 102/99998     5.95G   0.09248   0.02878   0.01038    0.1316      2311       320    0.6306    0.2661    0.2897    0.1537   0.08873   0.01894  0.009098
 103/99998     5.95G   0.09247   0.02872   0.01041    0.1316      2433       320    0.6115    0.2737    0.2901    0.1539   0.08871   0.01893  0.009093
 104/99998     5.95G   0.09246    0.0288   0.01042    0.1317      2351       320    0.6143    0.2736    0.2908    0.1543    0.0887   0.01893  0.009089
 105/99998     5.95G   0.09249   0.02884   0.01042    0.1317      2398       320    0.5582    0.2951    0.2913    0.1546   0.08868   0.01893  0.009083
 106/99998     5.95G   0.09244   0.02885   0.01045    0.1317      2280       320    0.5608    0.2959    0.2918    0.1548   0.08866   0.01893  0.009077
 107/99998     5.95G   0.09236   0.02875   0.01042    0.1315      2203       320    0.5607    0.2959     0.292    0.1552   0.08864   0.01893  0.009071
 108/99998     5.95G   0.09247   0.02885   0.01036    0.1317      2267       320    0.5638     0.295    0.2927    0.1557   0.08863   0.01892  0.009069
 109/99998     5.95G   0.09247   0.02876   0.01044    0.1317      2182       320    0.5835    0.2885    0.2933    0.1559   0.08861   0.01892  0.009064
 110/99998     5.95G   0.09246   0.02884   0.01045    0.1317      2185       320    0.5781    0.2923    0.2941    0.1563    0.0886   0.01892  0.009057
 111/99998     5.95G   0.09241   0.02882   0.01034    0.1316      2269       320    0.5771    0.2921     0.294    0.1565   0.08858   0.01891  0.009052
 112/99998     5.95G   0.09243   0.02878   0.01039    0.1316      2457       320    0.5729    0.2933    0.2942    0.1566   0.08856   0.01891  0.009047
 113/99998     5.95G   0.09238   0.02881   0.01036    0.1315      2373       320     0.571    0.2946    0.2946    0.1569   0.08855    0.0189  0.009041
 114/99998     5.95G   0.09244   0.02879   0.01038    0.1316      2341       320     0.571    0.2935    0.2946    0.1569   0.08853    0.0189  0.009036
 115/99998     5.95G   0.09246   0.02877   0.01041    0.1316      2258       320    0.5803      0.29    0.2949    0.1571   0.08851    0.0189   0.00903
 116/99998     5.95G   0.09246   0.02883   0.01037    0.1317      2356       320    0.6184    0.2745    0.2942    0.1572   0.08849   0.01889  0.009024
 117/99998     5.95G    0.0923   0.02874   0.01033    0.1314      2326       320    0.6232    0.2736    0.2942    0.1574   0.08847   0.01889  0.009018
 118/99998     5.95G   0.09242   0.02888   0.01039    0.1317      2424       320    0.6193    0.2757     0.295     0.158   0.08846   0.01889  0.009011
 119/99998     5.95G   0.09242   0.02879    0.0104    0.1316      2238       320    0.6197    0.2758    0.2952     0.158   0.08844   0.01889  0.009003
 120/99998     5.95G   0.09233   0.02878   0.01044    0.1315      2317       320    0.6308    0.2732    0.2959    0.1581   0.08842   0.01889  0.008996
 121/99998     5.95G   0.09241   0.02879   0.01034    0.1315      2107       320     0.627     0.274    0.2958    0.1582   0.08841   0.01888  0.008991
 122/99998     5.95G   0.09236   0.02867    0.0104    0.1314      2120       320    0.5894    0.2878    0.2958    0.1585   0.08839   0.01888  0.008986
 123/99998     5.95G   0.09241   0.02897   0.01037    0.1318      2291       320    0.6156    0.2787    0.2956    0.1587   0.08838   0.01888   0.00898
 124/99998     5.95G   0.09239   0.02882   0.01031    0.1315      2299       320    0.5868     0.288    0.2957    0.1586   0.08837   0.01887  0.008974
 125/99998     5.95G   0.09238   0.02879    0.0104    0.1316      1878       320    0.5929    0.2868    0.2959    0.1589   0.08835   0.01887  0.008967
 126/99998     5.95G    0.0924   0.02878   0.01035    0.1315      2390       320    0.5953    0.2857    0.2968    0.1593   0.08834   0.01887  0.008962
 127/99998     5.95G   0.09235   0.02877   0.01035    0.1315      2519       320    0.6114     0.281    0.2971    0.1596   0.08832   0.01887  0.008955
 128/99998     5.95G   0.09237   0.02884   0.01037    0.1316      2274       320    0.6185    0.2803    0.2981    0.1598   0.08831   0.01887  0.008949
 129/99998     5.95G   0.09235   0.02882   0.01037    0.1315      2218       320    0.6135    0.2814    0.2981      0.16    0.0883   0.01886  0.008943
 130/99998     5.95G   0.09232   0.02876   0.01035    0.1314      2322       320    0.6041    0.2849    0.2985    0.1603   0.08829   0.01886  0.008936
 131/99998     5.95G   0.09231   0.02878   0.01038    0.1315      2150       320    0.6171    0.2808    0.2986    0.1603   0.08827   0.01886   0.00893
 132/99998     5.95G    0.0923   0.02878   0.01032    0.1314      2248       320    0.6106    0.2834    0.2988    0.1604   0.08826   0.01886  0.008923
 133/99998     5.95G   0.09238   0.02885   0.01038    0.1316      2214       320    0.6144     0.282    0.2993    0.1607   0.08825   0.01886  0.008917
 134/99998     5.95G   0.09233   0.02882   0.01033    0.1315      2244       320     0.616    0.2826    0.2999    0.1608   0.08824   0.01885   0.00891
 135/99998     5.95G   0.09239   0.02883   0.01038    0.1316      2163       320    0.6149    0.2836       0.3    0.1614   0.08823   0.01885  0.008905
 136/99998     5.95G   0.09235   0.02874   0.01042    0.1315      2304       320    0.6163     0.283    0.3004    0.1614   0.08822   0.01885  0.008901
 137/99998     5.95G   0.09231   0.02884   0.01035    0.1315      2367       320    0.6136    0.2833    0.3003    0.1614   0.08821   0.01886  0.008897
 138/99998     5.95G   0.09228    0.0288    0.0104    0.1315      2275       320    0.6142    0.2842     0.301    0.1617    0.0882   0.01885  0.008891
 139/99998     5.95G   0.09226   0.02879   0.01039    0.1314      2187       320    0.6133    0.2857    0.3018     0.162   0.08818   0.01885  0.008886
 140/99998     5.95G   0.09225   0.02871   0.01033    0.1313      2297       320    0.6251    0.2823    0.3015    0.1619   0.08817   0.01884  0.008882
 141/99998     5.95G   0.09228    0.0288   0.01038    0.1315      2297       320    0.6237    0.2825    0.3016    0.1619   0.08816   0.01884  0.008876
 142/99998     5.95G   0.09231   0.02887   0.01041    0.1316      2553       320    0.6299    0.2818    0.3025    0.1624   0.08815   0.01884   0.00887
 143/99998     5.95G    0.0922   0.02875   0.01035    0.1313      2725       320    0.6219    0.2843    0.3029    0.1624   0.08814   0.01884  0.008866
 144/99998     5.95G   0.09237   0.02886   0.01041    0.1316      2353       320    0.5949     0.286     0.296      0.16   0.08827   0.01887  0.008966
 145/99998     5.95G   0.09226   0.02876   0.01037    0.1314      2251       320     0.657    0.2677    0.2964    0.1601   0.08826   0.01887  0.008961
 146/99998     5.95G   0.09233   0.02884   0.01038    0.1315      2209       320     0.618    0.2786    0.2966    0.1603   0.08824   0.01886  0.008951
 147/99998     5.95G   0.09233   0.02887   0.01032    0.1315      2506       320    0.5854    0.2909    0.2975    0.1608   0.08822   0.01886  0.008941
 148/99998     5.95G   0.09231   0.02877   0.01036    0.1314      2133       320    0.5917    0.2904    0.2989    0.1609    0.0882   0.01885  0.008931
 149/99998     5.95G   0.09226   0.02874   0.01031    0.1313      1980       320    0.6019    0.2877    0.2993    0.1614   0.08818   0.01884  0.008921
 150/99998     5.95G   0.09223   0.02883   0.01032    0.1314      2200       320    0.5973     0.289    0.2998    0.1617   0.08817   0.01884  0.008912
 151/99998     5.95G   0.09233   0.02881   0.01031    0.1314      2193       320    0.6224    0.2814    0.3011    0.1619   0.08815   0.01883  0.008903
 152/99998     5.95G   0.09244   0.02875   0.01045    0.1316      2484       320    0.6209    0.2778    0.2947    0.1595   0.08829   0.01888  0.008994
 153/99998     5.95G   0.09225   0.02879   0.01037    0.1314      2382       320    0.6469      0.27    0.2954    0.1596   0.08827   0.01888  0.008985
 154/99998     5.95G   0.09225   0.02874   0.01042    0.1314      2244       320    0.6082    0.2824     0.296    0.1599   0.08825   0.01888  0.008972
 155/99998     5.95G   0.09227    0.0288   0.01036    0.1314      2161       320    0.6239    0.2787    0.2969    0.1601   0.08823   0.01887  0.008961
 156/99998     5.95G   0.09228   0.02882   0.01041    0.1315      2504       320    0.6375    0.2756    0.2979    0.1606   0.08822   0.01886   0.00895
 157/99998     5.95G   0.09221   0.02874   0.01031    0.1313      2146       320    0.6207    0.2806    0.2981    0.1611    0.0882   0.01886   0.00894
 158/99998     5.95G   0.09217    0.0287   0.01038    0.1312      2404       320    0.6284    0.2796    0.2987    0.1614   0.08818   0.01886  0.008931
 159/99998     5.95G   0.09229   0.02886   0.01036    0.1315      2307       320    0.6273    0.2802    0.2993    0.1616   0.08816   0.01885  0.008922
 160/99998     5.95G   0.09228   0.02882   0.01038    0.1315      2252       320    0.6605    0.2708    0.2994    0.1617   0.08815   0.01885  0.008912
 161/99998     5.95G   0.09221    0.0287   0.01039    0.1313      2216       320    0.6571    0.2735    0.3008    0.1621   0.08814   0.01884  0.008905
 162/99998     5.95G   0.09226   0.02876   0.01033    0.1314      2257       320    0.6556    0.2745    0.3008    0.1622   0.08812   0.01884  0.008897
 163/99998     5.95G   0.09225   0.02874   0.01034    0.1313      2489       320    0.6674    0.2717    0.3017    0.1624   0.08811   0.01884  0.008889
 164/99998     5.95G   0.09226   0.02877   0.01036    0.1314      2336       320     0.668    0.2712    0.3012    0.1623    0.0881   0.01884  0.008882
 165/99998     5.95G    0.0922   0.02876   0.01029    0.1312      2070       320    0.6313    0.2815    0.3015    0.1626   0.08808   0.01883  0.008876
 166/99998     5.95G   0.09221   0.02884    0.0104    0.1314      2204       320    0.6387    0.2809    0.3019    0.1625   0.08807   0.01883  0.008869
 167/99998     5.95G   0.09225   0.02879    0.0103    0.1313      2332       320    0.6337    0.2837    0.3025    0.1629   0.08806   0.01882  0.008863
 168/99998     5.95G   0.09222   0.02874   0.01028    0.1312      2076       320     0.634    0.2822    0.3028    0.1631   0.08805   0.01882  0.008856
 169/99998     5.95G   0.09219   0.02885   0.01037    0.1314      2240       320    0.6475    0.2786    0.3027    0.1631   0.08804   0.01882  0.008849
 170/99998     5.95G   0.09216   0.02877   0.01035    0.1313      2313       320    0.6321    0.2825    0.3032    0.1634   0.08803   0.01882  0.008844
 171/99998     5.95G   0.09226   0.02882   0.01033    0.1314      2299       320    0.6476    0.2783    0.3035    0.1635   0.08802   0.01882  0.008837
 172/99998     5.95G   0.09213   0.02877   0.01031    0.1312      2573       320     0.668    0.2731    0.3038    0.1635   0.08801   0.01881  0.008833
 173/99998     5.95G   0.09223   0.02889   0.01033    0.1314      2292       320     0.628    0.2859    0.3044    0.1638     0.088   0.01881  0.008829
 174/99998     5.95G   0.09217   0.02877   0.01035    0.1313      2253       320    0.6153    0.2905    0.3048    0.1638     0.088   0.01882  0.008823
 175/99998     5.95G   0.09219   0.02872    0.0103    0.1312      2136       320    0.6292    0.2866    0.3052    0.1641   0.08799   0.01881  0.008817
 176/99998     5.95G   0.09223   0.02887   0.01031    0.1314      2257       320    0.6223    0.2881    0.3051     0.164   0.08798   0.01881  0.008812
 177/99998     5.95G   0.09218   0.02875    0.0103    0.1312      2172       320    0.6716    0.2733    0.3046    0.1641   0.08798   0.01881  0.008807
 178/99998     5.95G   0.09222   0.02882   0.01034    0.1314      2229       320    0.6191    0.2886    0.3049    0.1643   0.08797   0.01881  0.008803
 179/99998     5.95G   0.09219   0.02883   0.01028    0.1313      2672       320    0.6597    0.2752    0.3048    0.1644   0.08796   0.01881  0.008799
 180/99998     5.95G   0.09222   0.02875   0.01028    0.1313      2390       320     0.603    0.2936    0.3058    0.1644   0.08796   0.01881  0.008794
 181/99998     5.95G   0.09221   0.02885   0.01035    0.1314      2398       320    0.6057    0.2933     0.306    0.1644   0.08795   0.01881  0.008791
 182/99998     5.95G   0.09212   0.02879   0.01031    0.1312      2349       320    0.6047    0.2942    0.3063    0.1646   0.08795   0.01881  0.008788
 183/99998     5.95G   0.09219   0.02881   0.01034    0.1313      2305       320    0.6122    0.2926    0.3064    0.1645   0.08794   0.01882  0.008784
 184/99998     5.95G   0.09218   0.02873   0.01031    0.1312      2344       320     0.575    0.3061    0.3062    0.1646   0.08794   0.01881  0.008781
 185/99998     5.95G   0.09212   0.02873   0.01033    0.1312      2494       320    0.6347    0.2854    0.3068    0.1649   0.08793   0.01881  0.008778
 186/99998     5.95G   0.09214   0.02882   0.01033    0.1313      2434       320    0.6404    0.2831    0.3066    0.1647   0.08793   0.01881  0.008775
 187/99998     5.95G   0.09215   0.02892   0.01027    0.1313      2544       320    0.6242    0.2888    0.3068     0.165   0.08792   0.01881  0.008771
 188/99998     5.95G   0.09213    0.0288   0.01031    0.1312      2248       320    0.6421    0.2851    0.3075    0.1649   0.08792   0.01881  0.008769
 189/99998     5.95G   0.09207   0.02868   0.01027     0.131      2248       320    0.6429    0.2838    0.3074    0.1651   0.08791    0.0188  0.008766
 190/99998     5.95G   0.09213   0.02878   0.01028    0.1312      2202       320    0.6405     0.285    0.3078    0.1651    0.0879   0.01881  0.008763
 191/99998     5.95G   0.09224   0.02885   0.01033    0.1314      2189       320    0.6478    0.2821    0.3076     0.165    0.0879   0.01881  0.008761
 192/99998     5.95G   0.09219   0.02886   0.01038    0.1314      2369       320    0.6443    0.2846    0.3083     0.165    0.0879   0.01881  0.008759
 193/99998     5.95G   0.09214   0.02885   0.01029    0.1313      2366       320    0.6287    0.2874    0.3074    0.1649   0.08789   0.01881  0.008758
 194/99998     5.95G   0.09212   0.02878   0.01029    0.1312      2272       320    0.6668    0.2758     0.307    0.1648   0.08789   0.01881  0.008758
 195/99998     5.95G   0.09213   0.02872   0.01031    0.1312      2465       320     0.621    0.2929    0.3081     0.165   0.08788   0.01881  0.008756
 196/99998     5.95G   0.09211   0.02877   0.01036    0.1312      2280       320    0.6274    0.2911    0.3086    0.1652   0.08788   0.01881  0.008757
 197/99998     5.95G    0.0921   0.02872   0.01027    0.1311      2455       320    0.6321      0.29    0.3085    0.1652   0.08787   0.01881  0.008756
 198/99998     5.95G   0.09203   0.02868   0.01028     0.131      2413       320    0.6303    0.2911    0.3088    0.1653   0.08786   0.01881  0.008755
 199/99998     5.95G    0.0921   0.02874   0.01031    0.1311      2331       320    0.6306    0.2919    0.3091    0.1654   0.08786   0.01881  0.008753
 200/99998     5.95G   0.09213   0.02876   0.01027    0.1312      2392       320    0.6282    0.2928    0.3096    0.1654   0.08785   0.01881  0.008752
 201/99998     5.95G   0.09211   0.02881   0.01032    0.1312      2339       320    0.5901    0.3066    0.3103    0.1655   0.08785   0.01881  0.008751
 202/99998     5.95G   0.09211   0.02877   0.01031    0.1312      2119       320    0.5837    0.3087    0.3097    0.1655   0.08785   0.01881  0.008749
 203/99998     5.95G   0.09211   0.02882    0.0103    0.1312      2199       320    0.6267    0.2937    0.3101    0.1656   0.08784   0.01881  0.008747
 204/99998     5.95G   0.09215    0.0288   0.01024    0.1312      2396       320    0.5854    0.3083    0.3102    0.1656   0.08784   0.01881  0.008746
 205/99998     5.95G   0.09208   0.02872   0.01024     0.131      2226       320    0.6079    0.2994      0.31    0.1657   0.08783   0.01881  0.008745
 206/99998     5.95G   0.09207   0.02869   0.01027     0.131      2168       320    0.6099    0.2983    0.3098    0.1655   0.08783   0.01881  0.008744
 207/99998     5.95G   0.09206   0.02882   0.01032    0.1312      2295       320     0.615    0.2967    0.3099    0.1657   0.08782   0.01882  0.008742
 208/99998     5.95G   0.09213   0.02876   0.01029    0.1312      2204       320    0.6124    0.2978      0.31    0.1659   0.08782   0.01881   0.00874
 209/99998     5.95G   0.09214   0.02883   0.01027    0.1312      2444       320    0.6204    0.2953    0.3104    0.1661   0.08782   0.01881  0.008739
 210/99998     5.95G   0.09208   0.02875   0.01027    0.1311      2307       320     0.616    0.2977    0.3108    0.1662   0.08782   0.01882  0.008738
 211/99998     5.95G   0.09212   0.02878   0.01029    0.1312      2035       320    0.6109    0.2988    0.3111    0.1662   0.08781   0.01881  0.008736
 212/99998     5.95G   0.09204   0.02872   0.01025     0.131      2354       320    0.6224    0.2945    0.3111    0.1666   0.08781   0.01881  0.008736
 213/99998     5.95G   0.09208   0.02872   0.01032    0.1311      2431       320    0.6177    0.2962    0.3111    0.1667   0.08781   0.01881  0.008735
 214/99998     5.95G   0.09204    0.0288   0.01029    0.1311      2230       320    0.6198    0.2963    0.3112    0.1668    0.0878   0.01881  0.008733
 215/99998     5.95G   0.09207   0.02872    0.0103    0.1311      2047       320    0.6184    0.2969    0.3109    0.1667    0.0878   0.01881  0.008733
 216/99998     5.95G   0.09209   0.02875    0.0103    0.1311      2311       320    0.6028    0.3025    0.3109    0.1665    0.0878   0.01881  0.008732
 217/99998     5.95G   0.09201   0.02874   0.01025     0.131      2477       320    0.5916    0.3076    0.3111    0.1663    0.0878   0.01881   0.00873
 218/99998     5.95G   0.09212   0.02874   0.01029    0.1311      2392       320    0.6055    0.3012    0.3109    0.1663    0.0878   0.01881  0.008729
 219/99998     5.95G   0.09212   0.02878   0.01031    0.1312      2329       320    0.6033    0.3026    0.3116    0.1664    0.0878   0.01881  0.008728
 220/99998     5.95G   0.09208   0.02873   0.01028    0.1311      2292       320     0.589    0.3094    0.3116    0.1664    0.0878   0.01881  0.008728
 221/99998     5.95G   0.09208   0.02874   0.01028    0.1311      2089       320    0.5866      0.31     0.312    0.1664    0.0878   0.01881  0.008727
 222/99998     5.95G   0.09212   0.02875   0.01028    0.1312      2225       320    0.5881    0.3095    0.3123    0.1666    0.0878   0.01881  0.008725
 223/99998     5.95G   0.09206   0.02872   0.01029    0.1311      2367       320    0.5925    0.3079    0.3127    0.1667   0.08779   0.01881  0.008725
 224/99998     5.95G   0.09207   0.02872   0.01026    0.1311      2480       320    0.5899    0.3083    0.3126    0.1668   0.08779   0.01881  0.008723
 225/99998     5.95G   0.09205   0.02871   0.01027     0.131      2224       320    0.5891    0.3082    0.3127    0.1669   0.08779   0.01881  0.008723
 226/99998     5.95G   0.09198   0.02868   0.01026    0.1309      2245       320     0.599    0.3045    0.3128    0.1668   0.08778   0.01881  0.008722
 227/99998     5.95G   0.09207   0.02875   0.01031    0.1311      2439       320    0.6073    0.3008    0.3127    0.1667   0.08778   0.01881  0.008721
 228/99998     5.95G   0.09204   0.02874   0.01029    0.1311      2018       320    0.6012    0.3035    0.3133    0.1669   0.08777   0.01881   0.00872
 229/99998     5.95G   0.09205   0.02873   0.01028    0.1311      2024       320    0.6112    0.2992    0.3129    0.1668   0.08777   0.01881  0.008719
 230/99998     5.95G   0.09201   0.02874    0.0103    0.1311      1993       320    0.5876    0.3081     0.313    0.1668   0.08777    0.0188  0.008718
 231/99998     5.95G     0.092   0.02869   0.01026     0.131      2100       320    0.5886    0.3091    0.3133    0.1668   0.08777    0.0188  0.008717
 232/99998     5.95G   0.09202   0.02871    0.0103     0.131      2251       320    0.5891    0.3091    0.3134    0.1669   0.08776   0.01881  0.008717
 233/99998     5.95G   0.09206   0.02875   0.01026    0.1311      2397       320    0.6062    0.3035    0.3138     0.167   0.08776    0.0188  0.008716
 234/99998     5.95G    0.0921   0.02879   0.01032    0.1312      2256       320    0.6104    0.3011    0.3131     0.167   0.08776    0.0188  0.008715
 235/99998     5.95G   0.09202   0.02877   0.01023     0.131      2315       320    0.6081    0.3021    0.3133    0.1668   0.08775   0.01881  0.008714
 236/99998     5.95G   0.09202    0.0288   0.01029    0.1311      2405       320    0.5996    0.3062    0.3135    0.1668   0.08775    0.0188  0.008713
 237/99998     5.95G   0.09198   0.02872   0.01029     0.131      2071       320     0.594    0.3083    0.3135    0.1669   0.08775    0.0188  0.008712
 238/99998     5.95G   0.09207    0.0288   0.01029    0.1312      2356       320    0.5902    0.3098    0.3131    0.1668   0.08775    0.0188  0.008711
 239/99998     5.95G   0.09211   0.02877   0.01033    0.1312      2350       320    0.6094    0.3022    0.3133    0.1671   0.08774    0.0188   0.00871
 240/99998     5.95G     0.092   0.02876   0.01023     0.131      2205       320    0.6099    0.3027    0.3135    0.1672   0.08774   0.01881  0.008708
 241/99998     5.95G   0.09209   0.02877    0.0103    0.1312      2260       320     0.604    0.3037    0.3134    0.1671   0.08774   0.01881  0.008707
 242/99998     5.95G     0.092   0.02874   0.01024     0.131      2217       320    0.6008    0.3044    0.3134    0.1672   0.08774    0.0188  0.008706
 243/99998     5.95G   0.09197   0.02867   0.01029    0.1309      2118       320    0.6167    0.2994    0.3133    0.1673   0.08773    0.0188  0.008705
 244/99998     5.95G   0.09203   0.02866    0.0103     0.131      2004       320     0.616    0.3003    0.3133     0.167   0.08773   0.01881  0.008705
 245/99998     5.95G   0.09204   0.02877   0.01026    0.1311      2317       320    0.6183    0.2985     0.313    0.1669   0.08773    0.0188  0.008707
 246/99998     5.95G   0.09196   0.02874   0.01025     0.131      2444       320    0.5791    0.3122    0.3129    0.1668   0.08773   0.01881  0.008706
 247/99998     5.95G     0.092   0.02867   0.01025    0.1309      2198       320    0.6136    0.3005    0.3129    0.1669   0.08773    0.0188  0.008706
 248/99998     5.95G   0.09199   0.02878   0.01029    0.1311      2571       320     0.611    0.3017    0.3135    0.1669   0.08773   0.01881  0.008706
 249/99998     5.95G   0.09199   0.02867   0.01026    0.1309      2194       320    0.6059    0.3033    0.3136     0.167   0.08772   0.01881  0.008706
 250/99998     5.95G   0.09202   0.02876   0.01024     0.131      2418       320    0.5864    0.3102    0.3139    0.1671   0.08772    0.0188  0.008705
 251/99998     5.95G   0.09203   0.02879   0.01031    0.1311      2245       320      0.61    0.3014    0.3132    0.1669   0.08772   0.01881  0.008705
 252/99998     5.95G   0.09193   0.02872   0.01021    0.1309      2109       320    0.6127    0.3018     0.313    0.1667   0.08772   0.01881  0.008705
 253/99998     5.95G     0.092   0.02871   0.01025     0.131      2076       320    0.6301    0.2957    0.3127    0.1667   0.08771    0.0188  0.008705
 254/99998     5.95G   0.09197   0.02872   0.01022    0.1309      2111       320    0.6369    0.2933    0.3126    0.1667   0.08771    0.0188  0.008706
 255/99998     5.95G   0.09209   0.02882   0.01026    0.1312      2182       320    0.6351    0.2943    0.3126    0.1665   0.08771   0.01881  0.008707
 256/99998     5.95G   0.09199   0.02876   0.01024     0.131      2304       320    0.6246    0.2977    0.3127    0.1666   0.08771   0.01881  0.008707
 257/99998     5.95G   0.09201   0.02871    0.0103     0.131      2394       320    0.6285    0.2974    0.3137    0.1667    0.0877   0.01879   0.00871
 258/99998     5.95G   0.09199   0.02873    0.0103     0.131      2190       320    0.6263     0.298    0.3138    0.1667    0.0877   0.01881   0.00871
 259/99998     5.95G    0.0919   0.02863   0.01029    0.1308      2373       320    0.6356    0.2942    0.3136    0.1666    0.0877    0.0188  0.008709
 260/99998     5.95G   0.09199   0.02879    0.0103    0.1311      2313       320    0.6502    0.2888    0.3136    0.1667    0.0877    0.0188   0.00871
 261/99998     5.95G   0.09199   0.02873   0.01027     0.131      2257       320    0.6474     0.289    0.3135    0.1668    0.0877    0.0188   0.00871
 262/99998     5.95G   0.09208    0.0288   0.01027    0.1312      2371       320    0.6198    0.2987    0.3128    0.1665   0.08772   0.01879  0.008718
 263/99998     5.95G   0.09201   0.02878   0.01021     0.131      2236       320    0.5931    0.3087     0.312    0.1666   0.08773    0.0188  0.008723
 264/99998     5.95G   0.09207   0.02879    0.0103    0.1312      2342       320    0.5971    0.3082    0.3124    0.1668   0.08773    0.0188  0.008722
 265/99998     5.95G   0.09202   0.02873   0.01025     0.131      2391       320    0.5925    0.3105    0.3126    0.1668   0.08772    0.0188   0.00872
 266/99998     5.95G   0.09199   0.02877   0.01031    0.1311      2186       320     0.611     0.302    0.3123    0.1669   0.08772   0.01879  0.008718
 267/99998     5.95G   0.09202   0.02881   0.01027    0.1311      2321       320    0.6149     0.301    0.3126    0.1668   0.08771    0.0188  0.008716
 268/99998     5.95G   0.09201   0.02875   0.01027     0.131      2394       320    0.6026    0.3064    0.3129    0.1669   0.08771   0.01879  0.008713
 269/99998     5.95G   0.09205   0.02882   0.01026    0.1311      2102       320    0.6088    0.3049    0.3134    0.1671   0.08771   0.01879  0.008711
 270/99998     5.95G   0.09195    0.0287   0.01025    0.1309      2296       320    0.6085    0.3049    0.3132    0.1672   0.08771   0.01879  0.008708
 271/99998     5.95G   0.09198   0.02867   0.01025    0.1309      2173       320    0.6076     0.305    0.3135    0.1673    0.0877    0.0188  0.008706
 272/99998     5.95G   0.09197   0.02873   0.01018    0.1309      2237       320    0.6154    0.3019    0.3133    0.1672    0.0877   0.01879  0.008704
 273/99998     5.95G   0.09204    0.0287   0.01026     0.131      2129       320    0.6142     0.303    0.3134    0.1672   0.08769    0.0188  0.008704
 274/99998     5.95G   0.09194   0.02872   0.01021    0.1309      2061       320    0.6121    0.3046    0.3137    0.1675   0.08769    0.0188  0.008703
 275/99998     5.95G   0.09196   0.02879   0.01021     0.131      2392       320    0.6169    0.3035    0.3136    0.1673   0.08769    0.0188  0.008704
 276/99998     5.95G   0.09193   0.02869   0.01027    0.1309      2064       320    0.6132    0.3042     0.314    0.1677   0.08769    0.0188  0.008703
 277/99998     5.95G   0.09199   0.02873   0.01023     0.131      2201       320     0.613    0.3041    0.3139    0.1676   0.08769    0.0188  0.008704
 278/99998     5.95G    0.0919   0.02872   0.01026    0.1309      2187       320    0.6068    0.3066    0.3137    0.1674   0.08769    0.0188  0.008705
 279/99998     5.95G   0.09189    0.0287   0.01028    0.1309      2424       320    0.6052    0.3065    0.3142    0.1675   0.08768    0.0188  0.008704
 280/99998     5.95G   0.09201    0.0287   0.01022    0.1309      2299       320    0.6209    0.3004     0.314    0.1675   0.08768    0.0188  0.008702
 281/99998     5.95G   0.09201   0.02885    0.0103    0.1312      2307       320    0.6156    0.3022     0.314    0.1675   0.08768    0.0188  0.008701
 282/99998     5.95G   0.09195    0.0287   0.01023    0.1309      2286       320    0.6133    0.3028    0.3138    0.1677   0.08768    0.0188  0.008701
 283/99998     5.95G   0.09198   0.02877   0.01027     0.131      2518       320    0.6074    0.3044    0.3139    0.1678   0.08768    0.0188    0.0087
 284/99998     5.95G   0.09196   0.02874   0.01024    0.1309      2316       320    0.6052    0.3051    0.3136    0.1679   0.08768    0.0188  0.008698
 285/99998     5.95G     0.092   0.02873   0.01028     0.131      2094       320    0.6102    0.3039    0.3142    0.1682   0.08767    0.0188  0.008697
 286/99998     5.95G   0.09194    0.0287   0.01024    0.1309      2313       320    0.6072     0.306    0.3141    0.1679   0.08767   0.01881  0.008696
 287/99998     5.95G   0.09197   0.02877   0.01027     0.131      2292       320    0.6112    0.3045    0.3141    0.1679   0.08768   0.01881  0.008694
 288/99998     5.95G   0.09201   0.02865   0.01029    0.1309      2232       320    0.6126    0.3044    0.3143    0.1679   0.08767   0.01881  0.008691
 289/99998     5.95G   0.09198   0.02872   0.01026     0.131      2376       320    0.6141    0.3036    0.3142    0.1678   0.08767    0.0188   0.00869
 290/99998     5.95G   0.09196   0.02872   0.01027    0.1309      2267       320    0.6134    0.3031    0.3141    0.1679   0.08767    0.0188  0.008689
 291/99998     5.95G   0.09197    0.0287   0.01021    0.1309      2363       320    0.6241    0.2989    0.3136    0.1682   0.08767    0.0188  0.008689
 292/99998     5.95G   0.09199   0.02875   0.01023     0.131      2186       320    0.6341    0.2962    0.3136    0.1682   0.08767    0.0188  0.008689
 293/99998     5.95G   0.09193   0.02877   0.01026     0.131      2202       320    0.6397    0.2946     0.314    0.1683   0.08767   0.01881  0.008688
 294/99998     5.95G   0.09194   0.02873   0.01023    0.1309      2194       320    0.6073    0.3078    0.3146    0.1681   0.08766   0.01881  0.008687
 295/99998     5.95G   0.09196   0.02873   0.01023    0.1309      2345       320    0.6217    0.3028    0.3138     0.168   0.08766   0.01881  0.008686
 296/99998     5.95G   0.09194   0.02877    0.0102    0.1309      2068       320    0.6146    0.3058    0.3142    0.1682   0.08766   0.01881  0.008685
 297/99998     5.95G   0.09195   0.02867   0.01027    0.1309      2357       320    0.6227    0.3021    0.3141    0.1679   0.08766   0.01881  0.008685
 298/99998     5.95G   0.09187   0.02867   0.01023    0.1308      2230       320    0.6211    0.3029    0.3142    0.1678   0.08766   0.01881  0.008684
 299/99998     5.95G   0.09185   0.02868   0.01021    0.1307      2159       320    0.6326    0.2995    0.3143     0.168   0.08766    0.0188  0.008685
 300/99998     5.95G   0.09197   0.02869   0.01027    0.1309      2523       320    0.6338    0.2983    0.3141    0.1679   0.08765    0.0188  0.008685
 301/99998     5.95G   0.09194   0.02859   0.01029    0.1308      2236       320    0.6269    0.3006    0.3139    0.1678   0.08765   0.01881  0.008686
 302/99998     5.95G   0.09194    0.0287   0.01025    0.1309      2583       320    0.6146    0.3039    0.3138    0.1678   0.08765   0.01881  0.008687
 303/99998     5.95G   0.09202   0.02874   0.01022     0.131      2213       320    0.6175    0.3035    0.3142    0.1677   0.08765   0.01881  0.008687
 304/99998     5.95G   0.09191   0.02863   0.01015    0.1307      2367       320    0.6093    0.3063    0.3144    0.1678   0.08765    0.0188  0.008685
 305/99998     5.95G   0.09196   0.02869   0.01025    0.1309      2001       320    0.6066    0.3074    0.3141    0.1678   0.08765   0.01881  0.008686
 306/99998     5.95G   0.09194   0.02871   0.01021    0.1309      2204       320     0.603    0.3093    0.3144    0.1681   0.08765   0.01881  0.008686
 307/99998     5.95G   0.09188    0.0287   0.01026    0.1308      2360       320    0.6189    0.3046    0.3148     0.168   0.08765   0.01882  0.008687
 308/99998     5.95G   0.09195   0.02872   0.01029     0.131      2231       320    0.6176    0.3045     0.315    0.1683   0.08764   0.01881  0.008685
 309/99998     5.95G   0.09192   0.02872   0.01025    0.1309      2254       320     0.614    0.3047    0.3146    0.1682   0.08764   0.01881  0.008684
 310/99998     5.95G     0.092   0.02881   0.01024    0.1311      2188       320    0.6228     0.303     0.315    0.1682   0.08764   0.01882  0.008684
 311/99998     5.95G   0.09194   0.02876   0.01021    0.1309      2134       320    0.6083     0.307    0.3147    0.1682   0.08764   0.01881  0.008682
 312/99998     5.95G   0.09188   0.02872   0.01028    0.1309      2420       320    0.6008    0.3101    0.3151    0.1682   0.08764   0.01882  0.008683
 313/99998     5.95G   0.09188   0.02877   0.01025    0.1309      2348       320    0.6058    0.3079    0.3149    0.1681   0.08764   0.01882  0.008682
 314/99998     5.95G   0.09194   0.02873   0.01026    0.1309      2153       320    0.6048    0.3084    0.3152    0.1681   0.08764   0.01882  0.008681
 315/99998     5.95G   0.09198   0.02874   0.01015    0.1309      2095       320    0.6101    0.3072    0.3153    0.1682   0.08764   0.01882  0.008681
 316/99998     5.95G   0.09195   0.02873   0.01021    0.1309      2235       320    0.6037    0.3094     0.316    0.1684   0.08764   0.01882   0.00868
 317/99998     5.95G   0.09192   0.02879   0.01023    0.1309      2344       320    0.6025    0.3095    0.3159    0.1683   0.08764   0.01881   0.00868
 318/99998     5.95G   0.09195   0.02868   0.01025    0.1309      2505       320    0.5984    0.3101    0.3157    0.1682   0.08764   0.01882  0.008681
 319/99998     5.95G   0.09196   0.02873   0.01029     0.131      2261       320    0.6015    0.3089    0.3161    0.1683   0.08764   0.01882  0.008679
 320/99998     5.95G   0.09196   0.02878   0.01022     0.131      2118       320    0.6012    0.3088     0.316    0.1685   0.08763   0.01882  0.008678
 321/99998     5.95G   0.09185    0.0287   0.01023    0.1308      2217       320    0.5958    0.3111    0.3163    0.1684   0.08763   0.01881  0.008676
 322/99998     5.95G   0.09191   0.02869   0.01021    0.1308      2307       320       0.6    0.3101    0.3165    0.1684   0.08763   0.01881  0.008676
 323/99998     5.95G   0.09195   0.02877    0.0102    0.1309      2090       320    0.5944     0.313    0.3167    0.1686   0.08763   0.01881  0.008674
 324/99998     5.95G   0.09196   0.02874   0.01024    0.1309      2078       320    0.5936    0.3125    0.3168    0.1687   0.08762   0.01881  0.008673
 325/99998     5.95G   0.09192   0.02873   0.01024    0.1309      2301       320    0.6027    0.3094    0.3165    0.1685   0.08762   0.01881  0.008672
 326/99998     5.95G   0.09194   0.02876   0.01018    0.1309      2389       320    0.6089     0.306    0.3166    0.1689   0.08762   0.01881   0.00867
 327/99998     5.95G   0.09195   0.02879   0.01022     0.131      2340       320    0.6121    0.3055    0.3165    0.1689   0.08762    0.0188  0.008669
 328/99998     5.95G   0.09185   0.02873   0.01025    0.1308      2374       320    0.6081    0.3073     0.317    0.1688   0.08762    0.0188  0.008669
 329/99998     5.95G   0.09194   0.02869   0.01023    0.1309      2015       320    0.6091    0.3077    0.3177     0.169   0.08762   0.01881  0.008667
 330/99998     5.95G   0.09193   0.02878   0.01029     0.131      2404       320    0.6234    0.3027    0.3173    0.1688   0.08761   0.01881  0.008667
 331/99998     5.95G   0.09192   0.02871   0.01024    0.1309      2140       320    0.6309    0.3009    0.3174    0.1689   0.08761   0.01881  0.008665
 332/99998     5.95G   0.09186   0.02863   0.01021    0.1307      2342       320    0.6231    0.3039    0.3173     0.169   0.08761   0.01881  0.008665
 333/99998     5.95G   0.09193   0.02875   0.01022    0.1309      2347       320    0.6146    0.3061    0.3171    0.1688   0.08761   0.01881  0.008665
 334/99998     5.95G   0.09192    0.0288   0.01018    0.1309      2372       320    0.6168    0.3059    0.3174    0.1691   0.08761   0.01881  0.008666
 335/99998     5.95G   0.09191   0.02872   0.01028    0.1309      2431       320    0.6133    0.3069    0.3171    0.1688   0.08761   0.01881  0.008666
 336/99998     5.95G    0.0919   0.02874   0.01021    0.1308      2327       320    0.6136    0.3056    0.3167     0.169   0.08761   0.01881  0.008665
 337/99998     5.95G   0.09192   0.02869   0.01024    0.1308      2331       320    0.6289    0.3003    0.3175     0.169   0.08761   0.01881  0.008665
 338/99998     5.95G   0.09189   0.02862   0.01023    0.1307      2159       320    0.6262    0.3009    0.3165    0.1688    0.0876   0.01881  0.008665
 339/99998     5.95G   0.09194   0.02873   0.01021    0.1309      2303       320     0.629    0.3004    0.3164    0.1687    0.0876   0.01881  0.008666
 340/99998     5.95G   0.09193   0.02876   0.01022    0.1309      2463       320    0.6344    0.2988    0.3165    0.1688    0.0876   0.01881  0.008666
 341/99998     5.95G   0.09193   0.02874   0.01022    0.1309      2334       320    0.6389     0.297    0.3162     0.169    0.0876   0.01881  0.008666
 342/99998     5.95G   0.09187   0.02873   0.01016    0.1308      2179       320    0.6289    0.3006    0.3164    0.1691    0.0876   0.01882  0.008667
 343/99998     5.95G    0.0919   0.02877   0.01019    0.1309      2153       320    0.6272    0.3008    0.3168    0.1689    0.0876   0.01881  0.008666
 344/99998     5.95G   0.09191   0.02875   0.01019    0.1309      2216       320    0.6317    0.2997    0.3166    0.1691    0.0876   0.01882  0.008666
 345/99998     5.95G    0.0919    0.0288   0.01026     0.131      2475       320    0.6231    0.3035    0.3169    0.1689    0.0876   0.01882  0.008665
 346/99998     5.95G   0.09186   0.02867   0.01013    0.1307      2359       320    0.6266    0.3008    0.3167    0.1691   0.08759   0.01882  0.008665
 347/99998     5.95G   0.09185   0.02865    0.0102    0.1307      2519       320    0.6408    0.2967    0.3166    0.1688   0.08759   0.01882  0.008665
 348/99998     5.95G   0.09184   0.02865   0.01031    0.1308      2139       320    0.6365     0.298    0.3165    0.1692   0.08759   0.01882  0.008665
 349/99998     5.95G    0.0919   0.02872   0.01024    0.1308      2311       320    0.6349    0.2986    0.3165    0.1692   0.08759   0.01881  0.008665
 350/99998     5.95G   0.09187    0.0287   0.01021    0.1308      2311       320    0.6343       0.3    0.3169    0.1691   0.08759   0.01881  0.008663
 351/99998     5.95G   0.09181    0.0287   0.01023    0.1307      2137       320    0.6347    0.3009    0.3169     0.169   0.08759   0.01882  0.008662
 352/99998     5.95G   0.09197   0.02879   0.01022     0.131      2190       320    0.6362    0.3003    0.3164    0.1691   0.08758   0.01882  0.008662
 353/99998     5.95G   0.09183    0.0287   0.01028    0.1308      2133       320    0.6288    0.3029    0.3172    0.1692   0.08758   0.01881  0.008661
 354/99998     5.95G   0.09192   0.02869   0.01026    0.1309      2145       320    0.6219    0.3056    0.3171    0.1692   0.08758   0.01881   0.00866
 355/99998     5.95G   0.09192   0.02873   0.01023    0.1309      2315       320    0.6255    0.3049    0.3173    0.1693   0.08758   0.01881  0.008658
 356/99998     5.95G   0.09184   0.02873    0.0102    0.1308      2126       320    0.6259    0.3042    0.3169    0.1692   0.08757   0.01881  0.008658
 357/99998     5.95G    0.0919   0.02876   0.01024    0.1309      2296       320     0.628    0.3034     0.317    0.1693   0.08757   0.01881  0.008658
 358/99998     5.95G   0.09192   0.02881   0.01026     0.131      2177       320     0.645    0.2985    0.3176    0.1697   0.08757   0.01881  0.008656
 359/99998     5.95G   0.09191   0.02872   0.01026    0.1309      2163       320    0.6372    0.3006    0.3174    0.1697   0.08757   0.01881  0.008653
 360/99998     5.95G   0.09187   0.02874   0.01023    0.1308      2086       320    0.6452    0.2985    0.3176    0.1699   0.08757   0.01881  0.008651
 361/99998     5.95G   0.09191   0.02874   0.01022    0.1309      2251       320    0.6214    0.3067    0.3176    0.1699   0.08757   0.01881   0.00865
 362/99998     5.95G   0.09191   0.02875   0.01018    0.1308      2161       320    0.6052    0.3108    0.3176    0.1699   0.08757    0.0188  0.008649
 363/99998     5.95G   0.09199   0.02878   0.01023     0.131      2176       320    0.6328     0.299    0.3147    0.1685   0.08764   0.01878  0.008692
 364/99998     5.95G   0.09196   0.02873   0.01024    0.1309      2250       320    0.6365    0.2964    0.3139    0.1687   0.08765   0.01879  0.008704
 365/99998     5.95G   0.09193   0.02872   0.01024    0.1309      2317       320    0.6347    0.2968    0.3142    0.1687   0.08765   0.01878  0.008704
 366/99998     5.95G   0.09187   0.02876   0.01018    0.1308      2385       320    0.6294    0.2991    0.3148    0.1687   0.08765   0.01878  0.008703
 367/99998     5.95G   0.09187   0.02871   0.01024    0.1308      2362       320     0.626    0.3002    0.3149    0.1689   0.08765   0.01879  0.008702
 368/99998     5.95G   0.09191   0.02871   0.01023    0.1308      2116       320    0.6454    0.2937    0.3145    0.1689   0.08765   0.01878  0.008702
 369/99998     5.95G   0.09187    0.0287   0.01024    0.1308      2380       320     0.645    0.2933    0.3141    0.1687   0.08764   0.01878  0.008701
 370/99998     5.95G   0.09185   0.02867   0.01016    0.1307      2455       320    0.6508    0.2927     0.314    0.1688   0.08764   0.01878    0.0087
 371/99998     5.95G   0.09188    0.0288    0.0102    0.1309      2237       320     0.649    0.2938    0.3147    0.1689   0.08763   0.01879    0.0087
 372/99998     5.95G   0.09194   0.02869   0.01024    0.1309      2096       320    0.6427    0.2946     0.315    0.1691   0.08763   0.01879  0.008698
 373/99998     5.95G   0.09185   0.02866    0.0102    0.1307      2448       320    0.6426    0.2949    0.3152    0.1692   0.08763   0.01879  0.008696
 374/99998     5.95G   0.09188   0.02867   0.01022    0.1308      2333       320    0.6204    0.3025    0.3153    0.1694   0.08762   0.01878  0.008696
 375/99998     5.95G   0.09185   0.02866   0.01015    0.1307      2096       320    0.6376    0.2974    0.3159    0.1695   0.08762   0.01878  0.008695
 376/99998     5.95G   0.09181   0.02871   0.01018    0.1307      2192       320    0.6267    0.3014    0.3159    0.1696   0.08762   0.01878  0.008695
 377/99998     5.95G   0.09184   0.02861   0.01018    0.1306      2354       320    0.6243    0.3031    0.3163    0.1697   0.08761   0.01878  0.008693
 378/99998     5.95G   0.09189   0.02877   0.01022    0.1309      2259       320    0.6269    0.3033    0.3167    0.1699   0.08761   0.01878  0.008691
 379/99998     5.95G    0.0919   0.02883   0.01022    0.1309      2392       320    0.6407    0.2988    0.3166      0.17   0.08761   0.01878   0.00869
 380/99998     5.95G   0.09188   0.02874   0.01021    0.1308      2274       320    0.6263    0.3027    0.3161    0.1699    0.0876   0.01878  0.008689
 381/99998     5.95G   0.09182   0.02876   0.01019    0.1308      2361       320    0.6418    0.2979    0.3159    0.1701    0.0876   0.01878  0.008687
 382/99998     5.95G   0.09183   0.02868   0.01028    0.1308      2207       320    0.6157    0.3048    0.3155    0.1699    0.0876   0.01879  0.008685
 383/99998     5.95G   0.09191   0.02875   0.01019    0.1308      2264       320    0.6029    0.3102    0.3162      0.17    0.0876   0.01879  0.008683
 384/99998     5.95G   0.09186   0.02874    0.0102    0.1308      2262       320    0.6135    0.3057    0.3159    0.1699   0.08759   0.01879  0.008681
 385/99998     5.95G   0.09191   0.02879    0.0102    0.1309      2380       320    0.6271    0.3015    0.3153      0.17   0.08759   0.01878  0.008681
 386/99998     5.95G   0.09183   0.02868   0.01021    0.1307      2231       320    0.6278    0.3023    0.3156    0.1698   0.08759   0.01878   0.00868
 387/99998     5.95G   0.09187   0.02872   0.01022    0.1308      2530       320    0.6288     0.302     0.316      0.17   0.08759   0.01878  0.008677
 388/99998     5.95G   0.09186   0.02875   0.01024    0.1308      2536       320    0.6423    0.2972    0.3156    0.1697   0.08758   0.01878  0.008677
 389/99998     5.95G   0.09188    0.0287   0.01026    0.1308      2347       320    0.6466    0.2967    0.3156      0.17   0.08758   0.01878  0.008677
 390/99998     5.95G   0.09186   0.02863   0.01014    0.1306      2279       320    0.6422    0.2977    0.3158    0.1698   0.08758   0.01878  0.008677
 391/99998     5.95G    0.0919   0.02874   0.01023    0.1309      2133       320    0.6338    0.2996    0.3156    0.1699   0.08757   0.01878  0.008676
 392/99998     5.95G   0.09185   0.02872   0.01018    0.1308      2200       320    0.6531    0.2951     0.316      0.17   0.08757   0.01879  0.008675
 393/99998     5.95G   0.09183   0.02874    0.0102    0.1308      2253       320    0.6519    0.2953    0.3154    0.1701   0.08757   0.01879  0.008674
 394/99998     5.95G   0.09182    0.0287   0.01018    0.1307      2278       320    0.6529    0.2941    0.3154    0.1701   0.08756   0.01878  0.008671
 395/99998     5.95G   0.09183   0.02869    0.0102    0.1307      2170       320    0.6562    0.2941    0.3165    0.1703   0.08756   0.01878  0.008669
 396/99998     5.95G   0.09182   0.02865   0.01023    0.1307      2440       320    0.6364    0.2995    0.3163    0.1701   0.08756   0.01878  0.008668
 397/99998     5.95G   0.09182   0.02876   0.01017    0.1307      2287       320    0.6583    0.2938    0.3169    0.1702   0.08755   0.01878  0.008665
 398/99998     5.95G   0.09188   0.02874   0.01019    0.1308      2188       320    0.6632    0.2923    0.3172    0.1704   0.08755   0.01878  0.008664
 399/99998     5.95G   0.09183   0.02876   0.01022    0.1308      2236       320    0.6528    0.2946    0.3169    0.1707   0.08755   0.01878  0.008663
 400/99998     5.95G   0.09182   0.02868   0.01019    0.1307      2259       320    0.6667    0.2916    0.3166    0.1706   0.08755   0.01879  0.008663
 401/99998     5.95G   0.09179   0.02866   0.01021    0.1307      2226       320    0.6614    0.2941    0.3166    0.1707   0.08754   0.01878   0.00866
 402/99998     5.95G   0.09181    0.0287   0.01027    0.1308      2213       320    0.6635    0.2939    0.3167    0.1706   0.08754   0.01879  0.008658
 403/99998     5.95G    0.0918   0.02866   0.01027    0.1307      2341       320    0.6667    0.2926    0.3163    0.1704   0.08754   0.01879  0.008656
 404/99998     5.95G   0.09186   0.02863   0.01022    0.1307      2144       320    0.6647    0.2921    0.3162    0.1704   0.08754   0.01878  0.008655
 405/99998     5.95G   0.09181   0.02872   0.01022    0.1307      2346       320     0.663     0.292    0.3162    0.1705   0.08754   0.01879  0.008653
 406/99998     5.95G   0.09183   0.02873   0.01021    0.1308      2338       320    0.6536    0.2955    0.3169    0.1706   0.08754   0.01879  0.008653
 407/99998     5.95G   0.09176   0.02864   0.01021    0.1306      2352       320     0.642     0.299    0.3167    0.1706   0.08754   0.01878  0.008652
 408/99998     5.95G   0.09191   0.02875   0.01025    0.1309      2378       320    0.6407    0.2991    0.3171    0.1706   0.08754   0.01879  0.008651
 409/99998     5.95G    0.0919   0.02884   0.01023     0.131      2363       320    0.6678    0.2918     0.317    0.1706   0.08753   0.01879  0.008649
 410/99998     5.95G   0.09177   0.02869   0.01014    0.1306      2390       320    0.6648    0.2929    0.3173    0.1708   0.08753   0.01879  0.008649
 411/99998     5.95G   0.09182   0.02874   0.01019    0.1307      2421       320    0.6152    0.3081    0.3176    0.1709   0.08753   0.01879   0.00865
 412/99998     5.95G   0.09185   0.02882    0.0102    0.1309      2197       320    0.6612    0.2947    0.3182    0.1709   0.08753   0.01879  0.008649
 413/99998     5.95G   0.09184   0.02869   0.01017    0.1307      2262       320     0.633    0.3035    0.3183    0.1711   0.08753   0.01878   0.00865
 414/99998     5.95G   0.09184   0.02873   0.01022    0.1308      2240       320    0.6396    0.3016    0.3182    0.1711   0.08753   0.01879  0.008648
 415/99998     5.95G   0.09186   0.02867    0.0102    0.1307      2348       320    0.6278    0.3056    0.3192    0.1712   0.08753   0.01879  0.008648
 416/99998     5.95G   0.09188   0.02874   0.01021    0.1308      2347       320     0.631    0.3043    0.3185    0.1713   0.08752   0.01879  0.008647
 417/99998     5.95G   0.09189    0.0288   0.01021    0.1309      2214       320    0.6326     0.304    0.3186    0.1711   0.08752   0.01879  0.008645
 418/99998     5.95G   0.09184   0.02868    0.0102    0.1307      2129       320    0.6368    0.3034    0.3186    0.1712   0.08752   0.01878  0.008644
 419/99998     5.95G   0.09177   0.02871   0.01019    0.1307      2048       320    0.6337    0.3046    0.3187    0.1714   0.08752   0.01879  0.008643
 420/99998     5.95G    0.0918   0.02871   0.01022    0.1307      2169       320    0.6386    0.3032    0.3194    0.1714   0.08752   0.01879   0.00864
 421/99998     5.95G   0.09186   0.02869   0.01024    0.1308      2161       320    0.6334    0.3061    0.3198    0.1716   0.08752   0.01878  0.008638
 422/99998     5.95G   0.09182   0.02874   0.01027    0.1308      2495       320    0.6335    0.3049    0.3196    0.1717   0.08752   0.01879  0.008637
 423/99998     5.95G   0.09181   0.02865   0.01019    0.1307      2316       320    0.6359    0.3043    0.3198    0.1715   0.08752   0.01879  0.008636
 424/99998     5.95G   0.09177    0.0287   0.01015    0.1306      2284       320    0.6242    0.3075    0.3195    0.1712   0.08751   0.01879  0.008633
 425/99998     5.95G   0.09178   0.02869   0.01023    0.1307      2174       320     0.614    0.3102    0.3195    0.1713   0.08751   0.01879  0.008632
 426/99998     5.95G   0.09178   0.02864   0.01015    0.1306      2084       320    0.6492    0.3002    0.3193    0.1713   0.08751   0.01879  0.008632
 427/99998     5.95G   0.09178   0.02866   0.01019    0.1306      2388       320    0.6573    0.2974    0.3194    0.1714   0.08751   0.01878  0.008631
 428/99998     5.95G   0.09181    0.0287   0.01022    0.1307      2396       320    0.6475    0.2995    0.3193    0.1712   0.08752   0.01879  0.008633
 429/99998     5.95G    0.0918   0.02873   0.01018    0.1307      2116       320     0.638    0.3018    0.3196    0.1713   0.08751   0.01879  0.008631
 430/99998     5.95G   0.09179   0.02871   0.01018    0.1307      2512       320    0.5945    0.3179    0.3201    0.1715   0.08751   0.01878   0.00863
 431/99998     5.95G   0.09183   0.02868   0.01024    0.1307      2239       320    0.5987    0.3164    0.3201    0.1714   0.08751   0.01879   0.00863
 432/99998     5.95G   0.09188   0.02878   0.01022    0.1309      2510       320    0.6186    0.3092    0.3196    0.1714   0.08751   0.01879  0.008631
 433/99998     5.95G   0.09186   0.02876   0.01021    0.1308      2158       320    0.5999    0.3159    0.3197    0.1711   0.08751   0.01879  0.008629
 434/99998     5.95G   0.09177   0.02875   0.01016    0.1307      2047       320    0.6011    0.3153    0.3196    0.1711   0.08751   0.01879  0.008628
 435/99998     5.95G   0.09187   0.02867   0.01022    0.1308      2358       320    0.6046    0.3135    0.3192     0.171    0.0875   0.01879  0.008628
 436/99998     5.95G   0.09172   0.02866   0.01014    0.1305      2403       320    0.5968    0.3167    0.3195    0.1711    0.0875   0.01878  0.008628
 437/99998     5.95G   0.09173   0.02868   0.01019    0.1306      2319       320    0.6071    0.3137    0.3196    0.1712    0.0875   0.01879  0.008627
 438/99998     5.95G   0.09176   0.02868   0.01018    0.1306      2118       320     0.602    0.3162    0.3202    0.1712    0.0875   0.01878  0.008627
 439/99998     5.95G   0.09186   0.02867   0.01017    0.1307      2269       320    0.6101    0.3133    0.3201     0.171    0.0875   0.01878  0.008626
 440/99998     5.95G   0.09182   0.02874   0.01022    0.1308      2048       320    0.6144    0.3113    0.3204    0.1712    0.0875   0.01878  0.008625
 441/99998     5.95G   0.09181   0.02873   0.01015    0.1307      2302       320    0.6145    0.3106    0.3205    0.1712    0.0875   0.01879  0.008623
 442/99998     5.95G   0.09187   0.02875   0.01021    0.1308      2442       320    0.6158    0.3098    0.3202    0.1712    0.0875   0.01879  0.008623
 443/99998     5.95G   0.09181   0.02864   0.01016    0.1306      2188       320    0.6229    0.3078    0.3201    0.1711    0.0875   0.01879  0.008623
 444/99998     5.95G   0.09183   0.02872   0.01022    0.1308      2306       320    0.6232    0.3081    0.3204    0.1711    0.0875   0.01879  0.008622
 445/99998     5.95G   0.09178   0.02862   0.01022    0.1306      2241       320    0.6321    0.3051    0.3206    0.1713    0.0875   0.01879  0.008623
 446/99998     5.95G   0.09177   0.02863   0.01017    0.1306      2224       320    0.6281    0.3065    0.3199    0.1712    0.0875   0.01879  0.008624
 447/99998     5.95G   0.09179   0.02865    0.0102    0.1306      2478       320    0.6257    0.3068      0.32    0.1714    0.0875   0.01879  0.008623
 448/99998     5.95G   0.09185   0.02871   0.01022    0.1308      2352       320    0.6265    0.3072    0.3207    0.1714    0.0875   0.01879  0.008622
 449/99998     5.95G   0.09183   0.02863   0.01019    0.1307      2400       320    0.5906    0.3205    0.3209    0.1715    0.0875   0.01879  0.008622
 450/99998     5.95G   0.09181    0.0287    0.0102    0.1307      2038       320    0.5882    0.3215    0.3207    0.1713    0.0875   0.01879  0.008622
 451/99998     5.95G    0.0918   0.02864   0.01017    0.1306      2023       320    0.5903    0.3211    0.3212    0.1712    0.0875   0.01879  0.008622
 452/99998     5.95G   0.09173   0.02862   0.01022    0.1306      2435       320    0.6175    0.3105     0.321    0.1711    0.0875   0.01879  0.008621
 453/99998     5.95G   0.09181   0.02861    0.0102    0.1306      2177       320    0.5896    0.3222    0.3211    0.1713    0.0875   0.01879   0.00862
 454/99998     5.95G   0.09182    0.0287   0.01015    0.1307      2608       320    0.5994    0.3151    0.3193    0.1708   0.08753   0.01877  0.008646
 455/99998     5.95G    0.0918   0.02869   0.01021    0.1307      2446       320     0.603    0.3122    0.3173    0.1701   0.08757   0.01877  0.008664
 456/99998     5.95G   0.09184   0.02874   0.01024    0.1308      1954       320    0.6023    0.3126    0.3173    0.1701   0.08758   0.01878  0.008663
 457/99998     5.95G   0.09187   0.02875   0.01016    0.1308      2223       320    0.5866    0.3193    0.3174    0.1701   0.08757   0.01877   0.00866
 458/99998     5.95G   0.09183   0.02871   0.01026    0.1308      2431       320     0.582    0.3201    0.3173      0.17   0.08757   0.01877  0.008658
 459/99998     5.95G   0.09184   0.02874   0.01023    0.1308      2091       320    0.6355    0.3013    0.3178    0.1704   0.08757   0.01877  0.008658
 460/99998     5.95G    0.0918   0.02879   0.01011    0.1307      2219       320    0.6314    0.3018    0.3173    0.1702   0.08757   0.01877  0.008659
 461/99998     5.95G   0.09179   0.02872    0.0102    0.1307      2386       320    0.6306    0.3031    0.3175    0.1703   0.08756   0.01877  0.008662
 462/99998     5.95G   0.09177   0.02859   0.01014    0.1305      2275       320     0.595    0.3143    0.3165      0.17   0.08756   0.01877  0.008663
 463/99998     5.95G   0.09183   0.02878   0.01021    0.1308      2165       320    0.5933    0.3137    0.3163    0.1697   0.08756   0.01877  0.008663
 464/99998     5.95G   0.09177   0.02869   0.01016    0.1306      2184       320    0.5924    0.3134    0.3161    0.1701   0.08756   0.01877  0.008664
 465/99998     5.95G   0.09178   0.02877   0.01016    0.1307      2521       320    0.5865    0.3151     0.316    0.1702   0.08756   0.01877  0.008663
 466/99998     5.95G   0.09183   0.02866   0.01022    0.1307      2323       320    0.6507     0.293    0.3155      0.17   0.08756   0.01877  0.008662
 467/99998     5.95G   0.09182    0.0287   0.01021    0.1307      2300       320    0.6576    0.2918    0.3157    0.1701   0.08756   0.01877  0.008662
 468/99998     5.95G   0.09182   0.02876   0.01018    0.1308      2353       320    0.6015    0.3109    0.3165      0.17   0.08756   0.01877  0.008662
 469/99998     5.95G   0.09184   0.02874   0.01016    0.1307      2292       320    0.6333    0.3003    0.3165    0.1703   0.08755   0.01877  0.008661
 470/99998     5.95G   0.09186   0.02873   0.01017    0.1308      2543       320    0.6016    0.3112    0.3158    0.1701   0.08755   0.01877   0.00866
 471/99998     5.95G   0.09183    0.0288   0.01017    0.1308      2438       320    0.6522    0.2947    0.3159    0.1702   0.08755   0.01877  0.008658
 472/99998     5.95G   0.09182   0.02872   0.01026    0.1308      2563       320    0.6434    0.2985    0.3167    0.1702   0.08755   0.01877  0.008657
 473/99998     5.95G   0.09178   0.02877   0.01015    0.1307      2419       320    0.6324    0.3021    0.3163    0.1701   0.08754   0.01877  0.008655
 474/99998     5.95G    0.0918   0.02867   0.01018    0.1306      2298       320    0.6205    0.3069    0.3166    0.1702   0.08754   0.01876  0.008653
 475/99998     5.95G   0.09182   0.02878   0.01015    0.1308      2195       320    0.6304    0.3031    0.3165    0.1701   0.08754   0.01877  0.008651
 476/99998     5.95G   0.09179   0.02864   0.01012    0.1306      2381       320    0.6317    0.3027    0.3169    0.1703   0.08754   0.01876  0.008648
 477/99998     5.95G   0.09172    0.0287   0.01019    0.1306      2479       320    0.6405    0.2995    0.3167    0.1701   0.08753   0.01877  0.008648
 478/99998     5.95G   0.09185   0.02876    0.0102    0.1308      2501       320    0.6371    0.2997    0.3166    0.1699   0.08753   0.01877  0.008648
 479/99998     5.95G   0.09174   0.02859   0.01015    0.1305      2355       320    0.6131     0.307    0.3172      0.17   0.08753   0.01877  0.008646
 480/99998     5.95G   0.09185   0.02877   0.01017    0.1308      2426       320    0.6141    0.3071    0.3172    0.1702   0.08753   0.01876  0.008645
 481/99998     5.95G    0.0918   0.02872   0.01015    0.1307      2447       320    0.6522    0.2961    0.3175    0.1701   0.08753   0.01877  0.008645
 482/99998     5.95G   0.09184   0.02872   0.01024    0.1308      2348       320    0.6292    0.3012    0.3153    0.1696   0.08756   0.01876  0.008685
 483/99998     5.95G   0.09173   0.02864   0.01018    0.1306      2392       320    0.6455    0.2954    0.3148    0.1695   0.08755   0.01876  0.008682
 484/99998     5.95G    0.0918   0.02863   0.01022    0.1307      2322       320    0.6456    0.2957    0.3149    0.1697   0.08755   0.01876   0.00868
 485/99998     5.95G   0.09179   0.02872   0.01017    0.1307      2188       320    0.6469    0.2951    0.3149    0.1698   0.08755   0.01876  0.008677
 486/99998     5.95G    0.0918    0.0287   0.01016    0.1307      2233       320    0.6272    0.3007    0.3152      0.17   0.08754   0.01876  0.008673
 487/99998     5.95G   0.09173   0.02861   0.01018    0.1305      2241       320    0.6681    0.2911     0.316      0.17   0.08754   0.01876   0.00867
 488/99998     5.95G   0.09181   0.02867   0.01026    0.1307      2272       320    0.6595    0.2936    0.3159      0.17   0.08753   0.01876  0.008666
 489/99998     5.95G   0.09174   0.02868   0.01023    0.1307      2383       320    0.6596    0.2929    0.3164      0.17   0.08753   0.01876  0.008664
 490/99998     5.95G    0.0918   0.02876   0.01021    0.1308      2350       320    0.6525    0.2967    0.3172    0.1702   0.08753   0.01876  0.008661
 491/99998     5.95G   0.09179   0.02869    0.0102    0.1307      2173       320    0.6499    0.2962    0.3164    0.1702   0.08752   0.01876  0.008657
 492/99998     5.95G   0.09178   0.02868   0.01016    0.1306      2393       320    0.6502    0.2961    0.3166    0.1704   0.08752   0.01876  0.008652
 493/99998     5.95G    0.0918   0.02869   0.01021    0.1307      2240       320    0.6679    0.2919     0.317    0.1704   0.08751   0.01876  0.008649
 494/99998     5.95G   0.09171   0.02863   0.01016    0.1305      2172       320    0.6314    0.3024    0.3174    0.1704   0.08751   0.01876  0.008647
 495/99998     5.95G   0.09172   0.02867   0.01014    0.1305      2262       320    0.6217     0.307    0.3175    0.1708   0.08751   0.01876  0.008645
 496/99998     5.95G   0.09181   0.02861    0.0102    0.1306      2602       320    0.6202    0.3067    0.3174    0.1708    0.0875   0.01876  0.008642
 497/99998     5.95G   0.09178   0.02868   0.01022    0.1307      2310       320    0.6241     0.305    0.3179    0.1709    0.0875   0.01876  0.008639
 498/99998     5.95G   0.09179   0.02875   0.01016    0.1307      2407       320    0.6242     0.305    0.3182    0.1708   0.08749   0.01876  0.008638
 499/99998     5.95G   0.09178   0.02871    0.0102    0.1307      2135       320    0.6309    0.3026    0.3183    0.1708   0.08749   0.01876  0.008636
 500/99998     5.95G   0.09173   0.02875   0.01016    0.1306      2385       320    0.6442    0.2986    0.3181    0.1707   0.08749   0.01876  0.008634
 501/99998     5.95G    0.0918   0.02864   0.01026    0.1307      2252       320    0.6553    0.2957    0.3183    0.1709   0.08748   0.01876  0.008632
 502/99998     5.95G   0.09178   0.02874   0.01021    0.1307      2179       320    0.6285     0.305    0.3189    0.1711   0.08748   0.01876  0.008628
 503/99998     5.95G   0.09175   0.02868   0.01015    0.1306      2224       320    0.6365     0.304    0.3193     0.171   0.08747   0.01876  0.008626
 504/99998     5.95G   0.09173   0.02871   0.01015    0.1306      2133       320    0.6375    0.3036    0.3192    0.1711   0.08747   0.01876  0.008624
 505/99998     5.95G   0.09176   0.02867   0.01021    0.1306      2146       320    0.6674    0.2955    0.3198    0.1711   0.08747   0.01876  0.008621
 506/99998     5.95G   0.09182   0.02876   0.01018    0.1308      2251       320    0.6581    0.2983    0.3197    0.1712   0.08747   0.01877   0.00862
 507/99998     5.95G   0.09186   0.02875   0.01024    0.1308      2330       320    0.6583    0.2984      0.32    0.1711   0.08746   0.01876  0.008621
 508/99998     5.95G   0.09167   0.02868   0.01015    0.1305      2456       320    0.6578    0.2981    0.3191    0.1711   0.08746   0.01876   0.00862
 509/99998     5.95G   0.09175   0.02866   0.01018    0.1306      2241       320    0.6552    0.3003    0.3203    0.1711   0.08746   0.01876  0.008619
 510/99998     5.95G    0.0918   0.02866   0.01025    0.1307      2311       320    0.6552       0.3    0.3206    0.1713   0.08746   0.01876  0.008619
 511/99998     5.95G   0.09175   0.02868   0.01017    0.1306      2202       320    0.6233    0.3088    0.3203    0.1714   0.08746   0.01876  0.008619
 512/99998     5.95G   0.09174   0.02861   0.01019    0.1305      2350       320    0.6315    0.3065    0.3202    0.1715   0.08746   0.01876  0.008618
 513/99998     5.95G   0.09182   0.02875   0.01018    0.1308      2299       320    0.6383     0.305    0.3202    0.1713   0.08746   0.01876  0.008617
 514/99998     5.95G   0.09181   0.02869   0.01018    0.1307      2294       320    0.6378    0.3055    0.3204    0.1714   0.08746   0.01877  0.008616
 515/99998     5.95G   0.09178   0.02874   0.01015    0.1307      2083       320    0.6523    0.3021    0.3211    0.1714   0.08745   0.01876  0.008615
 516/99998     5.95G    0.0918   0.02878   0.01018    0.1308      2315       320    0.6387    0.3061    0.3209    0.1714   0.08745   0.01876  0.008616
 517/99998     5.95G   0.09173   0.02874   0.01016    0.1306      2554       320    0.6263    0.3089    0.3208    0.1717   0.08745   0.01876  0.008616
 518/99998     5.95G   0.09174   0.02869   0.01015    0.1306      2195       320    0.6346    0.3058    0.3207    0.1713   0.08745   0.01876  0.008617
 519/99998     5.95G   0.09171   0.02864   0.01015    0.1305      2217       320    0.6427    0.3046    0.3213    0.1714   0.08745   0.01877  0.008615
 520/99998     5.95G   0.09183   0.02868   0.01025    0.1308      2238       320    0.6337    0.2995    0.3166    0.1702   0.08752   0.01875  0.008667
 521/99998     5.95G   0.09182   0.02865   0.01021    0.1307      2392       320    0.6315    0.2998    0.3165      0.17   0.08752   0.01875  0.008669
 522/99998     5.95G   0.09176   0.02874   0.01018    0.1307      2381       320    0.6282    0.3013    0.3165      0.17   0.08752   0.01875  0.008665
 523/99998     5.95G   0.09171   0.02869   0.01022    0.1306      2319       320    0.6331    0.3002     0.317    0.1702   0.08751   0.01875  0.008661
 524/99998     5.95G   0.09174   0.02865   0.01014    0.1305      2176       320    0.6395    0.2973    0.3172    0.1703   0.08751   0.01875  0.008659
 525/99998     5.95G    0.0918   0.02865   0.01021    0.1307      2154       320     0.644    0.2964     0.317    0.1704   0.08751   0.01875  0.008655
 526/99998     5.95G   0.09174   0.02877   0.01016    0.1307      2585       320    0.6092     0.309     0.317    0.1703   0.08751   0.01875  0.008654
 527/99998     5.95G    0.0918   0.02877   0.01015    0.1307      2211       320    0.6083    0.3099    0.3175    0.1703    0.0875   0.01875  0.008652
 528/99998     5.95G   0.09179   0.02876   0.01018    0.1307      2405       320    0.6133    0.3076    0.3168    0.1705    0.0875   0.01875  0.008651
 529/99998     5.95G   0.09173    0.0287   0.01018    0.1306      2177       320    0.6204    0.3051    0.3165    0.1704    0.0875   0.01875  0.008648
 530/99998     5.95G   0.09178    0.0287   0.01015    0.1306      2064       320    0.6159    0.3083    0.3169    0.1706    0.0875   0.01875  0.008645
 531/99998     5.95G    0.0918   0.02874   0.01018    0.1307      2424       320    0.6112    0.3105    0.3173    0.1706   0.08749   0.01875  0.008643
 532/99998     5.95G   0.09173   0.02873   0.01014    0.1306      2180       320    0.6201    0.3062    0.3174    0.1707   0.08749   0.01874  0.008639
 533/99998     5.95G   0.09176   0.02868   0.01013    0.1306      2276       320    0.6164     0.308    0.3179    0.1708   0.08749   0.01875  0.008637
 534/99998     5.95G   0.09176   0.02873   0.01019    0.1307      2398       320    0.6172    0.3088    0.3184    0.1706   0.08748   0.01875  0.008635
 535/99998     5.95G    0.0917    0.0287   0.01015    0.1305      2275       320    0.6201    0.3073    0.3181    0.1705   0.08748   0.01874  0.008634
 536/99998     5.95G   0.09174   0.02874    0.0102    0.1307      2221       320     0.621    0.3071    0.3182    0.1706   0.08748   0.01875  0.008633
 537/99998     5.95G   0.09174   0.02865   0.01018    0.1306      2004       320    0.6185    0.3075    0.3178    0.1706   0.08748   0.01875  0.008632
 538/99998     5.95G   0.09179    0.0288   0.01015    0.1307      2182       320    0.6285    0.3035    0.3178    0.1706   0.08748   0.01875  0.008629
 539/99998     5.95G   0.09175   0.02867   0.01014    0.1306      2418       320    0.6294    0.3035    0.3179    0.1706   0.08747   0.01874  0.008627
 540/99998     5.95G    0.0918   0.02871   0.01013    0.1306      2256       320    0.6512    0.2963    0.3182    0.1707   0.08747   0.01875  0.008627
 541/99998     5.95G    0.0917   0.02871   0.01012    0.1305      2002       320    0.6514    0.2964    0.3183    0.1708   0.08746   0.01875  0.008628
 542/99998     5.95G   0.09181   0.02872   0.01015    0.1307      2409       320    0.6322    0.3026    0.3192     0.171   0.08746   0.01875  0.008628
 543/99998     5.95G   0.09181   0.02871   0.01016    0.1307      2196       320    0.6417    0.2998     0.319    0.1709   0.08746   0.01875  0.008628
 544/99998     5.95G   0.09174   0.02876   0.01014    0.1306      2043       320    0.6406    0.2995    0.3191    0.1709   0.08746   0.01876  0.008628
 545/99998     5.95G   0.09174   0.02878   0.01021    0.1307      2144       320    0.6285    0.3028    0.3189     0.171   0.08746   0.01875  0.008628
 546/99998     5.95G    0.0917   0.02869   0.01018    0.1306      2477       320      0.63    0.3023    0.3191    0.1713   0.08745   0.01876  0.008627
 547/99998     5.95G   0.09175   0.02871   0.01016    0.1306      2268       320    0.6454    0.2984    0.3195    0.1713   0.08745   0.01875  0.008627
 548/99998     5.95G   0.09182   0.02878   0.01014    0.1307      2197       320    0.6528    0.2967    0.3192    0.1713   0.08745   0.01875  0.008627
 549/99998     5.95G   0.09179   0.02872   0.01018    0.1307      2613       320    0.6516    0.2974    0.3195    0.1713   0.08745   0.01875  0.008625
 550/99998     5.95G   0.09173   0.02869   0.01017    0.1306      2327       320    0.6319     0.303    0.3195     0.171   0.08744   0.01875  0.008625
 551/99998     5.95G   0.09175   0.02863    0.0102    0.1306      2088       320    0.6697    0.2926    0.3195    0.1712   0.08744   0.01876  0.008624
 552/99998     5.95G   0.09174   0.02874   0.01017    0.1306      2698       320    0.6782    0.2912    0.3196    0.1714   0.08744   0.01875  0.008623
 553/99998     5.95G   0.09176   0.02865   0.01027    0.1307      2374       320    0.6731    0.2925    0.3194    0.1714   0.08744   0.01876  0.008624
 554/99998     5.95G   0.09175   0.02875   0.01016    0.1307      2245       320    0.6805     0.291    0.3199    0.1715   0.08744   0.01875  0.008623
 555/99998     5.95G   0.09172   0.02868   0.01014    0.1305      2205       320    0.6771    0.2928    0.3205    0.1713   0.08744   0.01876  0.008623
 556/99998     5.95G    0.0917   0.02872    0.0102    0.1306      2246       320    0.6718    0.2941    0.3209    0.1712   0.08744   0.01876  0.008622
 557/99998     5.95G   0.09172   0.02865   0.01019    0.1306      2285       320    0.6346    0.3051    0.3211    0.1716   0.08744   0.01876  0.008622
 558/99998     5.95G   0.09177   0.02863   0.01012    0.1305      2621       320    0.6236    0.3081    0.3211    0.1713   0.08744   0.01876   0.00862
 559/99998     5.95G   0.09174   0.02872   0.01015    0.1306      2352       320    0.6252    0.3086    0.3207    0.1711   0.08743   0.01876   0.00862
 560/99998     5.95G   0.09172   0.02867    0.0102    0.1306      2494       320    0.6452    0.3018    0.3204    0.1713   0.08743   0.01876  0.008618
 561/99998     5.95G   0.09177   0.02871   0.01022    0.1307      2196       320    0.6251     0.308    0.3207    0.1713   0.08743   0.01876  0.008617
 562/99998     5.95G   0.09176   0.02861   0.01022    0.1306      2188       320    0.6242    0.3089    0.3209    0.1716   0.08743   0.01877   0.00862
 563/99998     5.95G   0.09172   0.02865   0.01015    0.1305      2332       320    0.6391    0.3042    0.3205    0.1714   0.08743   0.01876  0.008619
 564/99998     5.95G   0.09187   0.02874   0.01014    0.1308      2285       320    0.6228     0.311    0.3211    0.1714   0.08743   0.01877  0.008616
 565/99998     5.95G   0.09171   0.02861    0.0102    0.1305      2078       320    0.6172    0.3132    0.3215    0.1718   0.08743   0.01876  0.008615
 566/99998     5.95G   0.09183   0.02878    0.0102    0.1308      2406       320     0.623    0.3107    0.3211    0.1714   0.08743   0.01877  0.008615
 567/99998     5.95G   0.09181   0.02877    0.0102    0.1308      2145       320    0.6161    0.3125     0.321    0.1716   0.08743   0.01877  0.008613
 568/99998     5.95G   0.09177   0.02868   0.01016    0.1306      2213       320    0.6345    0.3064    0.3215    0.1716   0.08743   0.01877  0.008613
 569/99998     5.95G   0.09173   0.02867   0.01017    0.1306      2139       320    0.6187    0.3121    0.3219    0.1719   0.08743   0.01878  0.008612
 570/99998     5.95G   0.09179   0.02874   0.01018    0.1307      1874       320    0.6188    0.3122    0.3221    0.1718   0.08743   0.01877   0.00861
 571/99998     5.95G   0.09174   0.02869    0.0102    0.1306      1930       320    0.6409    0.3035    0.3216    0.1718   0.08743   0.01877  0.008608
 572/99998     5.95G   0.09173   0.02866   0.01017    0.1306      2089       320    0.6413     0.303    0.3211    0.1716   0.08743   0.01877  0.008607
 573/99998     5.95G    0.0917   0.02871   0.01018    0.1306      2340       320     0.619    0.3112    0.3215    0.1719   0.08743   0.01877  0.008607
 574/99998     5.95G   0.09174   0.02865   0.01019    0.1306      2131       320    0.6151    0.3143    0.3221    0.1718   0.08743   0.01877  0.008607
 575/99998     5.95G   0.09168   0.02864   0.01019    0.1305      2187       320    0.6101    0.3153     0.322     0.172   0.08743   0.01878  0.008609
 576/99998     5.95G   0.09173   0.02874   0.01015    0.1306      2628       320    0.6088    0.3152    0.3219     0.172   0.08743   0.01877  0.008609
 577/99998     5.95G   0.09169    0.0287   0.01019    0.1306      2524       320    0.6163    0.3115    0.3216     0.172   0.08743   0.01878   0.00861
 578/99998     5.95G   0.09172   0.02866    0.0102    0.1306      2159       320    0.6175    0.3108    0.3217    0.1722   0.08743   0.01877   0.00861
 579/99998     5.95G   0.09172   0.02873   0.01022    0.1307      2431       320    0.6306    0.3053    0.3214     0.172   0.08743   0.01877  0.008611
 580/99998     5.95G   0.09176   0.02874   0.01014    0.1306      2230       320    0.6223    0.3076    0.3216     0.172   0.08743   0.01877   0.00861
 581/99998     5.95G   0.09173   0.02875   0.01009    0.1306      2215       320    0.6125    0.3128    0.3218    0.1722   0.08743   0.01878   0.00861
 582/99998     5.95G   0.09171   0.02878   0.01013    0.1306      2514       320    0.6127    0.3127     0.322    0.1721   0.08743   0.01877  0.008611
 583/99998     5.95G   0.09177   0.02882   0.01017    0.1308      2068       320    0.6148    0.3118    0.3219     0.172   0.08743   0.01878  0.008611
 584/99998     5.95G   0.09174   0.02873   0.01016    0.1306      2273       320    0.6255     0.307    0.3214    0.1716   0.08743   0.01878  0.008611
 585/99998     5.95G   0.09169   0.02867   0.01016    0.1305      2174       320    0.6052     0.315    0.3218    0.1717   0.08743   0.01878  0.008611
 586/99998     5.95G   0.09176   0.02871   0.01018    0.1306      2394       320    0.6165    0.3111    0.3216    0.1717   0.08743   0.01878  0.008613
 587/99998     5.95G   0.09178   0.02871    0.0102    0.1307      2211       320    0.6352    0.3051    0.3214    0.1717   0.08742   0.01878  0.008613
 588/99998     5.95G   0.09172   0.02863   0.01019    0.1305      2301       320    0.6371    0.3042    0.3218    0.1717   0.08742   0.01878  0.008612
 589/99998     5.95G   0.09172    0.0287   0.01015    0.1306      2507       320    0.6329    0.3043    0.3217    0.1718   0.08742   0.01878  0.008612
 590/99998     5.95G   0.09172   0.02869   0.01014    0.1305      2214       320    0.6301     0.305    0.3213    0.1719   0.08742   0.01878  0.008613
 591/99998     5.95G   0.09175   0.02869   0.01016    0.1306      2268       320    0.6113     0.312    0.3217    0.1721   0.08742   0.01878  0.008613
 592/99998     5.95G    0.0917   0.02869   0.01018    0.1306      2102       320    0.6016    0.3164    0.3216    0.1721   0.08742   0.01878  0.008613
 593/99998     5.95G    0.0917    0.0287   0.01014    0.1305      2385       320    0.6373    0.3025     0.321    0.1718   0.08742   0.01878  0.008612
 594/99998     5.95G   0.09174   0.02871   0.01015    0.1306      2052       320    0.6364    0.3025    0.3208    0.1718   0.08742   0.01878  0.008613
 595/99998     5.95G   0.09174   0.02868   0.01016    0.1306      2465       320    0.6452    0.3009     0.321    0.1719   0.08742   0.01878  0.008613
 596/99998     5.95G   0.09175   0.02868   0.01016    0.1306      2292       320    0.6386    0.3035    0.3217    0.1718   0.08742   0.01878  0.008613
 597/99998     5.95G   0.09176   0.02869   0.01017    0.1306      2281       320    0.6416     0.303    0.3216    0.1718   0.08742   0.01878  0.008611
 598/99998     5.95G   0.09165   0.02862    0.0101    0.1304      2335       320    0.6525    0.2997    0.3214    0.1718   0.08742   0.01878  0.008612
 599/99998     5.95G   0.09175   0.02867   0.01011    0.1305      2390       320    0.6529    0.2991    0.3215    0.1719   0.08742   0.01878  0.008612
 600/99998     5.95G   0.09177   0.02865   0.01015    0.1306      2201       320    0.6347    0.3052    0.3216    0.1719   0.08742   0.01878  0.008611
 601/99998     5.95G   0.09177   0.02869   0.01015    0.1306      2460       320    0.6256    0.3075    0.3215     0.172   0.08742   0.01877  0.008612
 602/99998     5.95G    0.0917   0.02867   0.01011    0.1305      2131       320    0.6234    0.3078    0.3215    0.1718   0.08742   0.01878  0.008613
 603/99998     5.95G   0.09171   0.02871   0.01014    0.1305      2459       320    0.6568    0.2976    0.3215    0.1717   0.08742   0.01878  0.008614
 604/99998     5.95G   0.09176   0.02861   0.01014    0.1305      2115       320    0.6589    0.2963    0.3216    0.1715   0.08742   0.01878  0.008614
 605/99998     5.95G   0.09175   0.02872   0.01014    0.1306      2245       320    0.6572    0.2967    0.3213    0.1715   0.08742   0.01878  0.008614
 606/99998     5.95G   0.09177   0.02873   0.01015    0.1306      2094       320    0.6254    0.3063    0.3219    0.1717   0.08742   0.01877  0.008615
 607/99998     5.95G   0.09171   0.02867   0.01013    0.1305      2332       320     0.604    0.3173     0.322    0.1719   0.08742   0.01878  0.008616
 608/99998     5.95G   0.09172   0.02866   0.01018    0.1306      2223       320    0.6046    0.3177    0.3222    0.1717   0.08742   0.01877  0.008617
 609/99998     5.95G   0.09183    0.0288   0.01014    0.1308      2403       320    0.6043    0.3169    0.3219     0.172   0.08742   0.01877  0.008617
 610/99998     5.95G   0.09175   0.02871    0.0102    0.1307      2368       320    0.6106    0.3143    0.3223     0.172   0.08742   0.01878  0.008617
 611/99998     5.95G   0.09167   0.02866   0.01016    0.1305      2245       320    0.6023    0.3177    0.3222    0.1718   0.08742   0.01878  0.008616
 612/99998     5.95G   0.09178   0.02878   0.01017    0.1307      2307       320    0.6022    0.3179    0.3218    0.1718   0.08742   0.01878  0.008614
 613/99998     5.95G   0.09169   0.02867   0.01011    0.1305      2207       320    0.6057    0.3165    0.3218    0.1718   0.08742   0.01878  0.008615
 614/99998     5.95G   0.09169   0.02871   0.01017    0.1306      2138       320    0.6271    0.3066    0.3218     0.172   0.08741   0.01877  0.008613
 615/99998     5.95G    0.0917   0.02865   0.01015    0.1305      2140       320     0.614    0.3121    0.3218    0.1718   0.08741   0.01877  0.008612
 616/99998     5.95G   0.09175   0.02873   0.01018    0.1307      2301       320    0.6136    0.3115    0.3215    0.1718   0.08741   0.01877  0.008611
 617/99998     5.95G   0.09171   0.02871   0.01015    0.1306      1947       320    0.6109    0.3131    0.3216    0.1719   0.08741   0.01877  0.008611
 618/99998     5.95G   0.09169   0.02864    0.0102    0.1305      2162       320    0.5931     0.321    0.3218    0.1716   0.08741   0.01877  0.008613
 619/99998     5.95G   0.09166   0.02862   0.01014    0.1304      2479       320    0.6145    0.3107    0.3214    0.1718   0.08741   0.01877  0.008613
