   0/99998      3.2G    0.1369    0.0359    0.0102     0.183       925       416  0.001957   0.04781 0.0001112 1.922e-05    0.1307   0.03308  0.002602
   1/99998     9.93G    0.1331   0.03868  0.001853    0.1736      1076       416  0.001757   0.02195 9.181e-05 1.554e-05    0.1306   0.03318  0.001302
   2/99998     9.93G    0.1328   0.03855  0.001028    0.1724       893       416  0.006341  0.006617 0.0003278 6.033e-05    0.1305   0.03217 0.0008335
   3/99998     9.93G    0.1306   0.03649 0.0006402    0.1677       851       416   0.06043   0.07168   0.01047  0.002085    0.1257   0.03119  0.000536
   4/99998     9.93G    0.1239   0.03877 0.0004162    0.1631      1050       416   0.07806     0.069   0.01477  0.002992    0.1243   0.03291 0.0004149
   5/99998     9.93G    0.1194   0.03889 0.0002835    0.1586      1053       416    0.1476    0.1177   0.03894  0.009161    0.1215   0.03171 0.0002443
   6/99998     9.93G    0.1158   0.03833 0.0002216    0.1543      1213       416    0.1634    0.1173   0.04918   0.01013    0.1174   0.03861 0.0001849
   7/99998     9.93G    0.1132   0.03771 0.0001899    0.1511       929       416    0.3028    0.1901    0.1236   0.02796    0.1079   0.03155  0.000156
   8/99998     9.93G    0.1113   0.03827 0.0001753    0.1498      1111       416    0.1407    0.1348   0.05048  0.008762    0.1154   0.03242 0.0001542
   9/99998     9.93G    0.1095   0.03786 0.0001676    0.1476       972       416    0.3878    0.1958    0.1559   0.04666    0.1046   0.03138 0.0001729
  10/99998     9.93G    0.1075   0.03806 0.0001591    0.1458      1797       416     0.433    0.2127    0.1805   0.06004    0.1034    0.0298 0.0001439
