   0/99998     4.58G    0.1228   0.06473         0    0.1875      1042       640  0.001694   0.04003 9.292e-05 1.772e-05    0.1178   0.06375         0
   1/99998     9.39G    0.1162   0.06161         0    0.1778      1372       640   0.05834   0.06878    0.0133  0.002933    0.1101    0.0711         0
   2/99998     8.95G    0.1015   0.05884         0    0.1604      1160       640     0.262    0.1748    0.1036   0.02415   0.09896   0.05393         0
   3/99998     8.95G   0.09401   0.05664         0    0.1506      1014       640    0.4489    0.2951    0.2391   0.08122   0.08582   0.05078         0
   4/99998     8.95G   0.08928   0.05509         0    0.1444      1355       640    0.5631    0.3217    0.3155    0.1028   0.08403   0.04886         0
   5/99998     8.95G   0.08605   0.05358         0    0.1396      1080       640    0.6618     0.362    0.3847    0.1502   0.07922   0.04703         0
   6/99998     8.95G   0.08206   0.05414         0    0.1362      1472       640    0.6795    0.3807    0.4082    0.1638   0.07694   0.04733         0
   7/99998     8.95G   0.07895   0.05279         0    0.1317      1659       640    0.6875    0.3988    0.4321    0.1661   0.07514   0.04793         0
   8/99998     8.95G   0.07687   0.05254         0    0.1294      1158       640    0.7277    0.4335     0.474    0.2009   0.07237   0.04648         0
   9/99998     8.95G   0.07474   0.05113         0    0.1259      1059       640    0.7268    0.4326     0.477    0.2097   0.07186   0.05025         0
  10/99998     8.95G   0.07437   0.05156         0    0.1259      1466       640    0.7413    0.4714    0.5097    0.2302   0.06926   0.04624         0
  11/99998     8.95G   0.07262   0.05092         0    0.1235       804       640    0.7465     0.449    0.4887    0.2201   0.07089   0.04436         0
  12/99998     8.95G   0.07197   0.05078         0    0.1228      1207       640    0.7574    0.4745    0.5207    0.2411    0.0681   0.04405         0
  13/99998     8.95G   0.07154   0.05023         0    0.1218      1431       640    0.7609    0.4823    0.5223    0.2458   0.06753   0.04758         0
  14/99998     8.95G   0.07061   0.05008         0    0.1207      1471       640    0.7789    0.4824    0.5297    0.2477   0.06711   0.04741         0
  15/99998     8.95G   0.07022   0.04912         0    0.1193      1797       640    0.7732    0.4973    0.5445    0.2546   0.06665   0.04438         0
  16/99998     8.95G   0.07038   0.04984         0    0.1202       952       640    0.7926    0.4895     0.539    0.2548   0.06629   0.04324         0
  17/99998     8.95G   0.06918   0.04908         0    0.1183       866       640    0.8043    0.5012    0.5568    0.2662   0.06525    0.0431         0
  18/99998     8.95G   0.06889   0.04993         0    0.1188      1369       640    0.7886     0.505    0.5564    0.2623   0.06525   0.04366         0
  19/99998     8.95G   0.06906    0.0496         0    0.1187       677       640    0.7849    0.5056    0.5532    0.2626   0.06528   0.04293         0
  20/99998     8.95G   0.06824   0.04877         0     0.117      1204       640    0.7945     0.516    0.5695    0.2724   0.06466   0.04312         0
  21/99998     8.95G   0.06848   0.04913         0    0.1176      1377       640    0.7919     0.524     0.571    0.2741   0.06424   0.04522         0
  22/99998     8.95G   0.06789   0.04811         0     0.116      1423       640    0.8059    0.5282    0.5822    0.2812   0.06391   0.04373         0
  23/99998     8.95G   0.06721   0.04836         0    0.1156      1190       640    0.8069    0.5252    0.5779    0.2805   0.06368   0.04259         0
  24/99998     8.96G   0.06778   0.04832         0    0.1161      1539       640    0.8086    0.5208    0.5724    0.2771   0.06378   0.04275         0
  25/99998     8.96G   0.06806    0.0487         0    0.1168      1667       640    0.8126    0.5262    0.5789    0.2827   0.06345   0.04261         0
  26/99998     8.96G   0.06751   0.04947         0     0.117      1781       640     0.809    0.5293    0.5827    0.2819   0.06321   0.04277         0
  27/99998     8.96G   0.06756   0.04853         0    0.1161      1756       640    0.7997    0.5415    0.5891    0.2878   0.06292   0.04235         0
  28/99998     8.96G   0.06634   0.04873         0    0.1151       992       640    0.8113    0.5381    0.5905    0.2862   0.06303   0.04238         0
  29/99998     8.96G   0.06682   0.04804         0    0.1149      1534       640    0.8282    0.5386    0.5945     0.291   0.06248   0.04202         0
  30/99998     8.96G   0.06662   0.04829         0    0.1149      1056       640    0.8203    0.5345    0.5892    0.2859    0.0628   0.04193         0
  31/99998     8.96G   0.06643   0.04864         0    0.1151      1319       640    0.8208    0.5462    0.5996    0.2924   0.06232   0.04235         0
  32/99998     8.96G   0.06596   0.04802         0     0.114      1069       640     0.826    0.5412     0.597    0.2924   0.06235   0.04219         0
  33/99998     8.96G   0.06641    0.0485         0    0.1149      1115       640    0.8182    0.5456    0.5963    0.2917   0.06235   0.04222         0
  34/99998     8.96G   0.06601   0.04787         0    0.1139      1675       640    0.8201     0.546    0.5989    0.2934   0.06214   0.04244         0
  35/99998     8.96G   0.06585   0.04743         0    0.1133      1054       640    0.8403    0.5433     0.604    0.2978   0.06177    0.0418         0
  36/99998     8.96G    0.0655   0.04792         0    0.1134      1434       640    0.8245    0.5491    0.6003    0.2945   0.06195   0.04158         0
  37/99998     8.96G   0.06667   0.04891         0    0.1156      1015       640    0.8353    0.5484    0.6059    0.2993   0.06165   0.04176         0
  38/99998     8.96G   0.06536   0.04842         0    0.1138      1064       640    0.8178    0.5512    0.6054    0.2979   0.06175   0.04172         0
  39/99998     8.96G    0.0658   0.04752         0    0.1133      1395       640    0.8313    0.5584    0.6148    0.3041    0.0613   0.04147         0
  40/99998     8.96G   0.06591   0.04997         0    0.1159      1241       640    0.8358    0.5528    0.6096    0.3023   0.06137   0.04173         0
  41/99998     8.96G    0.0651   0.04834         0    0.1134      1173       640    0.8359    0.5544    0.6127    0.3027   0.06126   0.04172         0
  42/99998     8.96G   0.06525   0.04811         0    0.1134      1358       640    0.8295    0.5602    0.6159    0.3053   0.06101   0.04148         0
  43/99998     8.96G   0.06573   0.04784         0    0.1136      1559       640    0.8203     0.566     0.617    0.3057   0.06101   0.04152         0
  44/99998     8.96G   0.06454   0.04715         0    0.1117       947       640    0.8453    0.5553    0.6179    0.3054   0.06092   0.04149         0
  45/99998     8.96G   0.06519   0.04763         0    0.1128       939       640    0.8351    0.5606    0.6191    0.3073   0.06077   0.04148         0
  46/99998     8.96G    0.0651   0.04788         0     0.113      1226       640    0.8294     0.563    0.6175    0.3051   0.06083   0.04154         0
  47/99998     8.96G   0.06483   0.04703         0    0.1119       977       640    0.8285    0.5676    0.6202    0.3089   0.06061   0.04144         0
  48/99998     8.96G   0.06569   0.04833         0     0.114      1178       640    0.8423    0.5616    0.6208    0.3086   0.06059   0.04125         0
  49/99998     8.96G    0.0645    0.0476         0    0.1121      1770       640    0.8344    0.5627    0.6189    0.3063   0.06069   0.04139         0
  50/99998     8.96G   0.06484   0.04701         0    0.1119      1117       640    0.8367    0.5692     0.626    0.3108   0.06048    0.0412         0
  51/99998     8.96G   0.06452   0.04762         0    0.1121      1104       640    0.8401    0.5651    0.6246    0.3117   0.06036   0.04123         0
  52/99998     8.96G   0.06496   0.04725         0    0.1122       861       640    0.8422    0.5637    0.6224    0.3104   0.06037   0.04113         0
  53/99998     8.96G   0.06483   0.04796         0    0.1128      1819       640    0.8302    0.5695    0.6244    0.3108   0.06029   0.04116         0
  54/99998     8.96G    0.0643   0.04761         0    0.1119      1419       640    0.8269    0.5718    0.6229    0.3101   0.06031   0.04114         0
  55/99998     8.96G   0.06483   0.04679         0    0.1116      1563       640    0.8366    0.5698    0.6248    0.3117   0.06021   0.04115         0
  56/99998     8.96G   0.06498   0.04725         0    0.1122      1147       640    0.8258    0.5765    0.6284    0.3147    0.0601   0.04114         0
  57/99998     8.96G   0.06488   0.04741         0    0.1123      1482       640    0.8269    0.5765    0.6274    0.3133   0.06016   0.04117         0
  58/99998     8.96G   0.06523   0.04802         0    0.1133      1318       640    0.8188    0.5828    0.6307    0.3159    0.0599   0.04103         0
  59/99998     8.96G   0.06503   0.04769         0    0.1127      1414       640    0.8449    0.5716    0.6319     0.316   0.05988   0.04114         0
  60/99998     8.96G   0.06418   0.04707         0    0.1112      1288       640    0.8297    0.5787    0.6305    0.3158   0.05986   0.04103         0
  61/99998     8.96G   0.06381   0.04753         0    0.1113      1423       640    0.8396    0.5766    0.6333    0.3171   0.05975   0.04097         0
  62/99998     8.96G   0.06438   0.04775         0    0.1121       960       640    0.8402    0.5768    0.6326    0.3175   0.05971   0.04086         0
  63/99998     8.96G   0.06308   0.04602         0    0.1091      1430       640    0.8404    0.5786    0.6351    0.3182   0.05969   0.04094         0
  64/99998     8.96G    0.0644   0.04748         0    0.1119       949       640    0.8427    0.5778    0.6349    0.3182   0.05961   0.04098         0
  65/99998     8.96G   0.06457    0.0471         0    0.1117      1870       640    0.8362    0.5777    0.6328    0.3179   0.05963   0.04168         0
  66/99998     8.96G   0.06346   0.04678         0    0.1102      1317       640    0.8425    0.5772     0.634    0.3176   0.05959   0.04111         0
  67/99998     8.96G   0.06446   0.04738         0    0.1118      1214       640     0.843    0.5796    0.6362     0.319   0.05957   0.04097         0
  68/99998     8.96G   0.06425   0.04674         0     0.111       922       640    0.8407      0.58    0.6366    0.3184   0.05954   0.04089         0
  69/99998     8.96G   0.06418   0.04745         0    0.1116      1262       640    0.8459    0.5775    0.6357    0.3193    0.0594   0.04077         0
  70/99998     8.96G    0.0638   0.04696         0    0.1108       931       640    0.8414    0.5834    0.6393    0.3203   0.05938   0.04086         0
  71/99998     8.96G   0.06375   0.04668         0    0.1104      1367       640    0.8446    0.5816    0.6397    0.3217   0.05931   0.04082         0
  72/99998     8.96G   0.06415   0.04676         0    0.1109      2846       640    0.8385    0.5862    0.6406    0.3216   0.05925   0.04079         0
  73/99998     8.96G   0.06433   0.04745         0    0.1118       941       640     0.856    0.5782    0.6415    0.3222   0.05918   0.04078         0
  74/99998     8.96G   0.06361   0.04726         0    0.1109      1051       640    0.8484    0.5826    0.6426    0.3221   0.05918   0.04079         0
  75/99998     8.96G   0.06357   0.04725         0    0.1108      1098       640    0.8393    0.5875    0.6427    0.3229   0.05913   0.04072         0
  76/99998     8.96G   0.06363   0.04762         0    0.1112      1239       640    0.8459    0.5859    0.6425    0.3231   0.05906   0.04071         0
  77/99998     8.96G   0.06322   0.04694         0    0.1102      1245       640    0.8442    0.5867    0.6425    0.3234   0.05902   0.04076         0
  78/99998     8.96G   0.06367   0.04696         0    0.1106      1329       640    0.8487    0.5851    0.6439    0.3241   0.05899   0.04074         0
  79/99998     8.96G   0.06416   0.04763         0    0.1118      1154       640    0.8387    0.5904    0.6444    0.3241   0.05897    0.0407         0
  80/99998     8.96G   0.06376   0.04709         0    0.1108      1021       640    0.8355    0.5922     0.645    0.3243   0.05895   0.04073         0
  81/99998     8.96G   0.06411   0.04661         0    0.1107      1212       640     0.839    0.5917    0.6466    0.3247   0.05892   0.04074         0
  82/99998     8.96G   0.06325   0.04669         0    0.1099      1309       640    0.8468    0.5875    0.6465    0.3246    0.0589   0.04079         0
  83/99998     8.96G   0.06376   0.04714         0    0.1109      1350       640    0.8433    0.5886    0.6454    0.3248   0.05889   0.04078         0
  84/99998     8.96G   0.06319   0.04637         0    0.1096      1222       640    0.8439    0.5883    0.6454    0.3247   0.05886   0.04075         0
  85/99998     8.96G   0.06318   0.04686         0      0.11      1750       640    0.8518     0.586    0.6459    0.3246   0.05883   0.04073         0
  86/99998     8.96G   0.06432   0.04712         0    0.1114      1473       640    0.8464     0.588    0.6461    0.3251    0.0588   0.04069         0
  87/99998     8.96G   0.06368   0.04655         0    0.1102      1105       640    0.8495    0.5866    0.6456    0.3251   0.05875   0.04072         0
  88/99998     8.96G    0.0644   0.04739         0    0.1118      1476       640    0.8511    0.5852    0.6458     0.325   0.05874   0.04073         0
  89/99998     8.96G   0.06323   0.04615         0    0.1094      1061       640    0.8457    0.5882    0.6457    0.3253    0.0587   0.04067         0
  90/99998     8.96G   0.06293   0.04659         0    0.1095      1299       640    0.8522    0.5856    0.6464     0.326   0.05866   0.04066         0
  91/99998     8.96G   0.06353   0.04715         0    0.1107      1419       640    0.8606    0.5829    0.6476    0.3265   0.05864    0.0406         0
  92/99998     8.96G   0.06387   0.04717         0     0.111      1308       640    0.8378    0.5943    0.6477    0.3268    0.0586   0.04062         0
  93/99998     8.96G   0.06276   0.04674         0    0.1095      2261       640    0.8503    0.5887    0.6479    0.3269   0.05859   0.04061         0
  94/99998     8.96G   0.06203   0.04528         0    0.1073      1092       640    0.8487    0.5901    0.6482    0.3271   0.05859   0.04062         0
  95/99998     8.96G    0.0621   0.04535         0    0.1075      1166       640    0.8558    0.5864    0.6484    0.3276   0.05856   0.04061         0
  96/99998     8.96G    0.0627   0.04709         0    0.1098       851       640    0.8542     0.588    0.6493    0.3279   0.05854   0.04059         0
  97/99998     8.96G   0.06229   0.04575         0     0.108      1523       640    0.8525    0.5897    0.6497     0.328   0.05853   0.04057         0
  98/99998     8.96G   0.06277   0.04604         0    0.1088      1471       640    0.8398    0.5961    0.6501    0.3281    0.0585   0.04057         0
  99/99998     8.96G   0.06291   0.04661         0    0.1095      1314       640    0.8542    0.5893    0.6502    0.3282   0.05847   0.04056         0
 100/99998     8.96G   0.06345    0.0466         0      0.11      1189       640    0.8437    0.5955    0.6507    0.3289   0.05845   0.04055         0
 101/99998     8.96G   0.06253   0.04728         0    0.1098      1101       640    0.8413    0.5966    0.6509    0.3288   0.05843   0.04056         0
 102/99998     8.96G   0.06242   0.04623         0    0.1087      1044       640    0.8455    0.5946    0.6509    0.3287   0.05842   0.04058         0
 103/99998     8.96G   0.06228   0.04537         0    0.1076       886       640    0.8449    0.5949    0.6508    0.3289    0.0584   0.04056         0
 104/99998     8.96G   0.06267    0.0467         0    0.1094      1386       640    0.8537    0.5908    0.6511    0.3292   0.05838   0.04055         0
 105/99998     8.96G   0.06334   0.04659         0    0.1099      1535       640    0.8523    0.5919    0.6513    0.3294   0.05837   0.04054         0
 106/99998     8.96G   0.06309   0.04759         0    0.1107      1533       640    0.8481    0.5943    0.6518    0.3297   0.05834   0.04054         0
 107/99998     8.96G   0.06314   0.04666         0    0.1098      1208       640    0.8473    0.5949    0.6521      0.33   0.05833   0.04053         0
 108/99998     8.96G   0.06261   0.04648         0    0.1091      1241       640    0.8474    0.5946    0.6523    0.3299   0.05832   0.04053         0
 109/99998     8.96G   0.06282   0.04695         0    0.1098       950       640    0.8504    0.5934    0.6526    0.3299   0.05831   0.04052         0
 110/99998     8.96G    0.0624    0.0464         0    0.1088      2930       640    0.8513    0.5937    0.6527    0.3301    0.0583   0.04052         0
 111/99998     8.96G   0.06255   0.04575         0    0.1083      1224       640    0.8425    0.5977    0.6528    0.3304   0.05828   0.04051         0
 112/99998     8.96G   0.06353   0.04666         0    0.1102      1312       640    0.8419    0.5981    0.6529    0.3304   0.05827   0.04051         0
 113/99998     8.96G   0.06234   0.04546         0    0.1078      1608       640    0.8347    0.6016    0.6531    0.3307   0.05826   0.04049         0
 114/99998     8.96G   0.06266   0.04656         0    0.1092      1150       640    0.8356    0.6014    0.6533    0.3306   0.05825   0.04049         0
 115/99998     8.96G   0.06288   0.04698         0    0.1099      1764       640    0.8382    0.6002    0.6533    0.3311   0.05824   0.04049         0
 116/99998     8.96G   0.06197   0.04657         0    0.1085      1612       640    0.8358    0.6018    0.6536    0.3314   0.05823   0.04049         0
 117/99998     8.96G   0.06297    0.0468         0    0.1098      1394       640    0.8504    0.5942    0.6537    0.3314   0.05821   0.04049         0
 118/99998     8.96G   0.06213   0.04616         0    0.1083      1459       640    0.8561    0.5923    0.6544    0.3314   0.05821   0.04048         0
 119/99998     8.96G   0.06266   0.04687         0    0.1095      1195       640    0.8537    0.5931    0.6541    0.3315    0.0582   0.04047         0
 120/99998     8.96G    0.0629   0.04673         0    0.1096       834       640    0.8528    0.5938    0.6541    0.3315   0.05819   0.04048         0
 121/99998     8.96G   0.06283    0.0464         0    0.1092      1732       640    0.8518    0.5942    0.6539    0.3314   0.05818   0.04047         0
 122/99998     8.96G   0.06288   0.04693         0    0.1098      1236       640    0.8564    0.5926    0.6544    0.3316   0.05817   0.04047         0
 123/99998     8.96G   0.06271   0.04608         0    0.1088      1048       640    0.8564    0.5928    0.6544    0.3315   0.05816   0.04046         0
 124/99998     8.96G    0.0628   0.04637         0    0.1092      1553       640    0.8546    0.5937    0.6546    0.3316   0.05815   0.04046         0
 125/99998     8.96G   0.06184    0.0459         0    0.1077      1591       640    0.8483    0.5967    0.6547    0.3316   0.05814   0.04045         0
 126/99998     8.96G   0.06295   0.04668         0    0.1096      1299       640    0.8486    0.5966    0.6548    0.3317   0.05813   0.04046         0
 127/99998     8.96G   0.06285   0.04579         0    0.1086      1494       640     0.849    0.5964    0.6549    0.3319   0.05812   0.04045         0
 128/99998     8.96G   0.06223   0.04684         0    0.1091       713       640    0.8536    0.5945     0.655    0.3321   0.05811   0.04044         0
 129/99998     8.96G   0.06295   0.04664         0    0.1096      1509       640    0.8518    0.5952     0.655    0.3321   0.05811   0.04043         0
 130/99998     8.96G   0.06261   0.04659         0    0.1092      1006       640    0.8526    0.5948    0.6551    0.3321    0.0581   0.04044         0
 131/99998     8.96G   0.06201   0.04626         0    0.1083      1271       640    0.8522    0.5949    0.6552    0.3322    0.0581   0.04042         0
 132/99998     8.96G   0.06281   0.04671         0    0.1095      1766       640    0.8404    0.6008    0.6552    0.3323   0.05809   0.04042         0
 133/99998     8.96G   0.06254   0.04631         0    0.1088      1040       640    0.8394    0.6012    0.6551    0.3322   0.05808   0.04042         0
 134/99998     8.96G   0.06218   0.04656         0    0.1087      1390       640    0.8398    0.6014    0.6555    0.3323   0.05808   0.04042         0
 135/99998     8.96G   0.06198   0.04564         0    0.1076      1223       640    0.8406     0.601    0.6554    0.3323   0.05807   0.04041         0
 136/99998     8.96G   0.06243   0.04577         0    0.1082      1051       640    0.8532    0.5947    0.6554    0.3323   0.05806   0.04041         0
 137/99998     8.96G   0.06209   0.04645         0    0.1085      1022       640    0.8519    0.5959    0.6558    0.3325   0.05806   0.04041         0
 138/99998     8.96G   0.06255   0.04714         0    0.1097      1450       640    0.8537    0.5953    0.6558    0.3325   0.05805   0.04041         0
 139/99998     8.96G   0.06179   0.04617         0     0.108      1273       640    0.8551    0.5942    0.6556    0.3323   0.05805   0.04041         0
 140/99998     8.96G   0.06276   0.04646         0    0.1092      1470       640    0.8424    0.6007    0.6557    0.3322   0.05804   0.04041         0
 141/99998     8.96G   0.06268   0.04745         0    0.1101      1598       640    0.8599    0.5922    0.6558    0.3324   0.05803   0.04041         0
 142/99998     8.96G   0.06183   0.04641         0    0.1082      1880       640    0.8416    0.6007    0.6555    0.3323   0.05803   0.04042         0
 143/99998     8.96G   0.06236   0.04639         0    0.1088       814       640    0.8402    0.6016    0.6555    0.3322   0.05803   0.04043         0
 144/99998     8.96G   0.06147   0.04539         0    0.1069      1007       640    0.8411    0.6015    0.6558    0.3324   0.05802   0.04043         0
 145/99998     8.96G   0.06302   0.04712         0    0.1101      1503       640    0.8451    0.5994    0.6557    0.3327   0.05802   0.04043         0
 146/99998     8.96G   0.06224   0.04546         0    0.1077      1286       640    0.8467    0.5987    0.6557    0.3327   0.05801   0.04042         0
 147/99998     8.96G   0.06265   0.04661         0    0.1093      1491       640    0.8476    0.5982    0.6559    0.3329   0.05801   0.04043         0
 148/99998     8.96G   0.06191   0.04701         0    0.1089      1729       640    0.8469    0.5983    0.6556    0.3328   0.05801   0.04043         0
 149/99998     8.96G   0.06248   0.04657         0     0.109      1528       640    0.8477    0.5983    0.6561     0.333     0.058   0.04043         0
 150/99998     8.96G   0.06335   0.04679         0    0.1101      1335       640    0.8475    0.5981    0.6559     0.333     0.058   0.04043         0
 151/99998     8.96G   0.06211   0.04605         0    0.1082      1176       640    0.8551    0.5945    0.6563    0.3328   0.05801   0.04044         0
 152/99998     8.96G   0.06217   0.04686         0     0.109      1099       640    0.8565     0.593    0.6561    0.3327   0.05802   0.04047         0
 153/99998     8.96G   0.06318   0.04629         0    0.1095      1634       640    0.8475    0.5965    0.6553     0.333   0.05804   0.04049         0
 154/99998     8.96G   0.06204   0.04485         0    0.1069      1752       640    0.8569    0.5921    0.6552    0.3329   0.05804   0.04048         0
 155/99998     8.96G   0.06235   0.04615         0    0.1085      1407       640    0.8574    0.5914    0.6549    0.3329   0.05805   0.04049         0
 156/99998     8.96G   0.06233   0.04679         0    0.1091      1594       640    0.8594    0.5909    0.6549    0.3324   0.05805   0.04049         0
 157/99998     8.96G   0.06146   0.04639         0    0.1079      1235       640    0.8562    0.5923    0.6548    0.3324   0.05805   0.04048         0
 158/99998     8.96G   0.06228   0.04692         0    0.1092      1394       640    0.8559    0.5926    0.6548    0.3324   0.05805   0.04048         0
 159/99998     8.96G   0.06225   0.04569         0    0.1079      1184       640    0.8569    0.5919    0.6547    0.3323   0.05804   0.04047         0
 160/99998     8.96G   0.06225   0.04618         0    0.1084      1748       640    0.8587    0.5914    0.6549    0.3325   0.05804   0.04047         0
 161/99998     8.96G   0.06194   0.04586         0    0.1078      1134       640    0.8593    0.5913    0.6552    0.3325   0.05803   0.04046         0
 162/99998     8.96G   0.06226   0.04632         0    0.1086      1352       640    0.8596    0.5913    0.6551    0.3325   0.05803   0.04046         0
 163/99998     8.96G   0.06197   0.04551         0    0.1075       810       640    0.8584    0.5918    0.6554    0.3325   0.05802   0.04045         0
 164/99998     8.96G   0.06231   0.04563         0    0.1079       794       640    0.8585    0.5916    0.6554    0.3326   0.05802   0.04045         0
 165/99998     8.96G   0.06232   0.04649         0    0.1088      1873       640    0.8593    0.5918    0.6556    0.3325   0.05802   0.04045         0
 166/99998     8.96G   0.06174   0.04572         0    0.1075      1213       640     0.861    0.5914    0.6555    0.3326   0.05801   0.04044         0
 167/99998     8.96G   0.06234   0.04573         0    0.1081      1756       640    0.8616    0.5909    0.6556    0.3327   0.05801   0.04044         0
 168/99998     8.96G   0.06126   0.04521         0    0.1065       787       640    0.8567    0.5934    0.6559    0.3327     0.058   0.04044         0
 169/99998     8.96G   0.06222    0.0462         0    0.1084      1994       640    0.8576    0.5928    0.6556    0.3326     0.058   0.04043         0
 170/99998     8.96G   0.06257   0.04588         0    0.1084      1301       640    0.8568    0.5934    0.6559    0.3328     0.058   0.04042         0
 171/99998     8.96G   0.06201   0.04635         0    0.1084       973       640    0.8601    0.5921     0.656    0.3327   0.05799   0.04041         0
 172/99998     8.96G   0.06212    0.0458         0    0.1079      2410       640    0.8545     0.595     0.656    0.3327     0.058   0.04041         0
 173/99998     8.96G   0.06239   0.04643         0    0.1088      1738       640    0.8551    0.5946    0.6559    0.3326     0.058   0.04041         0
 174/99998     8.96G   0.06179   0.04712         0    0.1089      1712       640    0.8547    0.5933    0.6545    0.3324   0.05802   0.04041         0
 175/99998     8.96G   0.06128   0.04534         0    0.1066      1836       640    0.8539    0.5924    0.6539    0.3322   0.05804   0.04041         0
 176/99998     8.96G   0.06196   0.04638         0    0.1083      1280       640    0.8546    0.5921    0.6539     0.332   0.05805   0.04041         0
 177/99998     8.96G   0.06239   0.04606         0    0.1084      1044       640    0.8509     0.594    0.6538    0.3321   0.05806    0.0404         0
 178/99998     8.96G   0.06194   0.04602         0     0.108      1471       640    0.8533    0.5933     0.654    0.3319   0.05806    0.0404         0
 179/99998     8.96G   0.06155   0.04613         0    0.1077      1303       640    0.8499    0.5947    0.6537     0.332   0.05807    0.0404         0
 180/99998     8.96G   0.06222   0.04584         0    0.1081      1276       640     0.853     0.593    0.6536     0.332   0.05806    0.0404         0
 181/99998     8.96G   0.06239   0.04602         0    0.1084      1312       640    0.8504    0.5942    0.6537    0.3321   0.05806    0.0404         0
 182/99998     8.96G   0.06129   0.04607         0    0.1074      1886       640     0.849    0.5946    0.6536    0.3321   0.05806    0.0404         0
 183/99998     8.96G    0.0621   0.04628         0    0.1084      2486       640    0.8522    0.5938    0.6541    0.3322   0.05805   0.04039         0
 184/99998     8.96G   0.06185   0.04605         0    0.1079      2276       640    0.8513    0.5944     0.654    0.3321   0.05805   0.04039         0
 185/99998     8.96G   0.06155   0.04541         0     0.107      1426       640    0.8533    0.5935    0.6541    0.3321   0.05805   0.04039         0
 186/99998     8.96G   0.06167   0.04643         0    0.1081      1619       640    0.8541    0.5933    0.6542    0.3321   0.05804   0.04038         0
 187/99998     8.96G   0.06208   0.04603         0    0.1081      1973       640    0.8521    0.5945    0.6544    0.3321   0.05804   0.04037         0
 188/99998     8.96G   0.06153   0.04548         0     0.107       936       640    0.8522    0.5945    0.6545    0.3322   0.05803   0.04038         0
 189/99998     8.96G   0.06196   0.04646         0    0.1084       942       640    0.8559     0.593    0.6548    0.3323   0.05803   0.04037         0
 190/99998     8.96G   0.06214     0.046         0    0.1081      1851       640    0.8533    0.5944    0.6548    0.3323   0.05803   0.04037         0
 191/99998     8.96G   0.06172   0.04511         0    0.1068      1524       640    0.8515    0.5953    0.6549    0.3323   0.05802   0.04037         0
 192/99998     8.96G   0.06181   0.04633         0    0.1081       909       640    0.8534    0.5943     0.655    0.3324   0.05802   0.04037         0
 193/99998     8.96G   0.06252   0.04657         0    0.1091      1281       640    0.8534    0.5943     0.655    0.3327   0.05801   0.04037         0
 194/99998     8.96G   0.06222   0.04611         0    0.1083      1099       640    0.8483    0.5962     0.655    0.3326   0.05801   0.04036         0
 195/99998     8.96G   0.06253   0.04608         0    0.1086       889       640    0.8439    0.5985     0.655    0.3327     0.058   0.04037         0
 196/99998     8.96G   0.06204    0.0463         0    0.1083      1573       640     0.842    0.5995    0.6551    0.3327     0.058   0.04036         0
 197/99998     8.96G   0.06207   0.04584         0    0.1079       999       640      0.85    0.5956    0.6553    0.3327     0.058   0.04035         0
 198/99998     8.96G   0.06186   0.04582         0    0.1077      1722       640    0.8425    0.5996    0.6555    0.3326   0.05799   0.04036         0
 199/99998     8.96G   0.06131   0.04608         0    0.1074      1497       640    0.8424    0.5997    0.6558    0.3331   0.05799   0.04036         0
 200/99998     8.96G   0.06129   0.04523         0    0.1065      1759       640    0.8422       0.6    0.6557    0.3327   0.05799   0.04036         0
 201/99998     8.96G   0.06164   0.04589         0    0.1075      1052       640    0.8426    0.6004     0.656    0.3327   0.05798   0.04036         0
 202/99998     8.96G   0.06173   0.04644         0    0.1082      1330       640    0.8444    0.5993     0.656    0.3332   0.05798   0.04035         0
 203/99998     8.96G   0.06125   0.04581         0    0.1071      1135       640    0.8428       0.6    0.6557    0.3327   0.05798   0.04035         0
