   0/99998     1.81G    0.1225   0.06349         0     0.186       162       640  0.004741   0.03261 0.0003598 5.978e-05    0.1222   0.05628         0
   1/99998     6.65G    0.1114   0.06027         0    0.1717        95       640    0.1642    0.1687   0.05787   0.01292     0.101   0.05754         0
   2/99998     6.65G   0.09585   0.05776         0    0.1536       128       640    0.3639    0.2773    0.1915   0.05119   0.09128   0.05341         0
   3/99998     6.65G   0.08914   0.05604         0    0.1452       108       640    0.4619    0.2758    0.2239   0.07036   0.08535   0.05329         0
   4/99998     6.65G   0.08383   0.05474         0    0.1386       182       640    0.5443     0.317    0.3033    0.1003    0.0837   0.05214         0
   5/99998     6.65G   0.08022   0.05335         0    0.1336       174       640    0.6559    0.3731    0.4056     0.153   0.07681    0.0496         0
   6/99998     6.65G   0.07682   0.05313         0      0.13       230       640    0.7099    0.3903    0.4336    0.1805   0.07323   0.04789         0
   7/99998     6.65G   0.07506   0.05249         0    0.1275       157       640    0.7021    0.4056    0.4513    0.1832   0.07262   0.04931         0
   8/99998     6.65G   0.07383   0.05158         0    0.1254       110       640    0.7896    0.4398    0.5012    0.2253   0.06911   0.04664         0
   9/99998     6.65G    0.0723   0.05072         0     0.123       180       640    0.7716    0.4497     0.505    0.2253   0.06852   0.04731         0
  10/99998     6.65G   0.07207   0.05098         0     0.123       107       640    0.7751    0.4701    0.5209    0.2377    0.0675   0.04562         0
  11/99998     6.65G   0.07098   0.05056         0    0.1215       195       640    0.7676    0.4687    0.5201    0.2411   0.06696   0.04602         0
  12/99998     6.65G   0.07088   0.05095         0    0.1218       630       640    0.7882    0.4766    0.5309    0.2458   0.06635   0.04621         0
  13/99998     6.65G   0.06974   0.04992         0    0.1197       123       640    0.8061    0.4908    0.5463    0.2553   0.06518   0.04485         0
  14/99998     6.65G   0.06967   0.05044         0    0.1201       103       640    0.7729    0.5064    0.5523    0.2575   0.06487   0.04714         0
  15/99998     6.65G     0.069   0.04872         0    0.1177       197       640     0.811    0.4988    0.5527    0.2613   0.06433   0.04416         0
  16/99998     6.65G   0.06895    0.0501         0     0.119       108       640    0.7914    0.5047    0.5566    0.2638   0.06428   0.04474         0
  17/99998     6.65G   0.06842   0.04934         0    0.1178        59       640    0.7999    0.5075    0.5604     0.266    0.0639   0.04866         0
  18/99998     6.65G   0.06759   0.05014         0    0.1177       116       640    0.8073    0.5153    0.5735    0.2716   0.06363   0.04382         0
  19/99998     6.65G   0.06826   0.04991         0    0.1182       164       640    0.8088    0.5172    0.5721    0.2751   0.06313   0.04364         0
  20/99998     6.65G   0.06759   0.04937         0     0.117       252       640    0.8147    0.5177    0.5731    0.2764   0.06294   0.04352         0
  21/99998     6.65G   0.06738   0.04903         0    0.1164       307       640    0.8133    0.5264    0.5815    0.2805   0.06238   0.04383         0
  22/99998     6.65G   0.06684   0.04788         0    0.1147        93       640    0.8241    0.5286    0.5875    0.2868   0.06205   0.04293         0
  23/99998     6.65G   0.06631   0.04865         0     0.115       104       640    0.8192    0.5351    0.5923    0.2903   0.06177   0.04336         0
  24/99998     6.65G   0.06677   0.04823         0     0.115       104       640    0.8112    0.5392    0.5919    0.2896   0.06184   0.04357         0
  25/99998     6.65G   0.06696   0.04853         0    0.1155       403       640    0.8295     0.532    0.5927    0.2895   0.06165   0.04278         0
  26/99998     6.65G   0.06697   0.04947         0    0.1164       195       640    0.8273    0.5377    0.5991    0.2944   0.06122   0.04276         0
  27/99998     6.65G   0.06616   0.04846         0    0.1146       130       640    0.8188    0.5437    0.5992    0.2951   0.06111   0.04305         0
  28/99998     6.65G   0.06586   0.04836         0    0.1142       116       640    0.8118    0.5537    0.6071    0.2979   0.06093    0.0429         0
  29/99998     6.65G    0.0661   0.04821         0    0.1143       317       640    0.8214    0.5486     0.605     0.297   0.06076   0.04284         0
  30/99998     6.65G   0.06618   0.04839         0    0.1146       119       640    0.8232    0.5489    0.6056     0.297   0.06069    0.0427         0
  31/99998     6.65G   0.06566   0.04904         0    0.1147       153       640    0.8308    0.5553    0.6145    0.3015   0.06051   0.04277         0
  32/99998     6.65G   0.06527   0.04855         0    0.1138       370       640    0.8422    0.5472    0.6097       0.3   0.06048   0.04278         0
  33/99998     6.65G   0.06582   0.04877         0    0.1146       133       640    0.8352    0.5501    0.6106    0.3007   0.06043   0.04264         0
  34/99998     6.65G   0.06507   0.04766         0    0.1127       129       640    0.8144    0.5572    0.6086     0.301   0.06043    0.0428         0
  35/99998     6.65G   0.06532   0.04737         0    0.1127        99       640     0.823    0.5555    0.6116    0.3027   0.06024   0.04268         0
  36/99998     6.65G   0.06487   0.04823         0    0.1131       125       640    0.8296    0.5594    0.6178    0.3052   0.05994   0.04242         0
  37/99998     6.65G   0.06599   0.04913         0    0.1151       127       640    0.8335    0.5573    0.6169    0.3046   0.06001   0.04224         0
  38/99998     6.65G   0.06478   0.04799         0    0.1128        91       640    0.8337    0.5601    0.6194    0.3089   0.05971   0.04241         0
  39/99998     6.65G    0.0653   0.04788         0    0.1132       112       640     0.829    0.5634    0.6181     0.308   0.05962   0.04219         0
  40/99998     6.65G    0.0653   0.04933         0    0.1146       151       640    0.8211    0.5668    0.6187    0.3077   0.05963   0.04219         0
  41/99998     6.65G   0.06457    0.0485         0    0.1131        89       640    0.8282     0.568    0.6246    0.3109   0.05938   0.04216         0
  42/99998     6.65G   0.06468   0.04848         0    0.1132       241       640    0.8401    0.5638    0.6255    0.3118   0.05936   0.04212         0
  43/99998     6.65G   0.06472   0.04795         0    0.1127       134       640    0.8393    0.5684    0.6266    0.3124   0.05926   0.04209         0
  44/99998     6.65G   0.06387   0.04727         0    0.1111       300       640    0.8184    0.5774    0.6273    0.3123   0.05919   0.04213         0
  45/99998     6.65G   0.06468   0.04766         0    0.1123       195       640    0.8382    0.5698    0.6283    0.3139    0.0591   0.04201         0
  46/99998     6.65G   0.06429   0.04769         0     0.112       183       640    0.8293    0.5748    0.6291    0.3138   0.05902   0.04202         0
  47/99998     6.65G   0.06455   0.04804         0    0.1126       205       640    0.8346     0.571    0.6289     0.314   0.05896   0.04223         0
  48/99998     6.65G   0.06455   0.04822         0    0.1128       102       640    0.8435    0.5724    0.6331    0.3157   0.05884    0.0419         0
  49/99998     6.65G   0.06421   0.04755         0    0.1118       186       640    0.8368    0.5748    0.6324    0.3154   0.05879   0.04194         0
  50/99998     6.65G   0.06399   0.04742         0    0.1114       192       640    0.8313    0.5774    0.6331    0.3164   0.05873   0.04186         0
  51/99998     6.65G   0.06406   0.04757         0    0.1116       443       640     0.835    0.5785    0.6346    0.3176   0.05867   0.04187         0
  52/99998     6.65G   0.06438   0.04668         0    0.1111       256       640    0.8394    0.5764    0.6343    0.3172   0.05863   0.04183         0
  53/99998     6.65G   0.06383   0.04778         0    0.1116       218       640    0.8364    0.5779    0.6346    0.3173   0.05859   0.04184         0
  54/99998     6.65G   0.06381   0.04764         0    0.1114       172       640    0.8224    0.5844    0.6352    0.3175   0.05855    0.0418         0
  55/99998     6.65G   0.06431   0.04778         0    0.1121      1336       640    0.8287    0.5823    0.6361    0.3179    0.0585   0.04178         0
  56/99998     6.65G   0.06436   0.04733         0    0.1117       782       640    0.8332    0.5805    0.6357    0.3185   0.05846   0.04177         0
  57/99998     6.65G   0.06412   0.04728         0    0.1114       234       640    0.8367    0.5779    0.6357    0.3187   0.05841   0.04174         0
  58/99998     6.65G   0.06411   0.04738         0    0.1115       163       640    0.8436    0.5761    0.6368    0.3197   0.05833   0.04171         0
  59/99998     6.65G   0.06433   0.04816         0    0.1125       213       640    0.8418    0.5781     0.638    0.3206   0.05827   0.04171         0
  60/99998     6.65G   0.06354   0.04689         0    0.1104       232       640    0.8321    0.5837    0.6386     0.321   0.05821    0.0417         0
  61/99998     6.65G   0.06345   0.04776         0    0.1112       113       640    0.8298    0.5853    0.6392    0.3212   0.05817   0.04168         0
  62/99998     6.65G   0.06344   0.04693         0    0.1104       160       640    0.8545    0.5757    0.6409    0.3216   0.05814   0.04165         0
  63/99998     6.65G   0.06322   0.04655         0    0.1098       115       640    0.8315    0.5859    0.6412    0.3217   0.05811   0.04168         0
  64/99998     6.65G   0.06326    0.0473         0    0.1106       262       640    0.8212    0.5931    0.6417    0.3222   0.05807   0.04165         0
  65/99998     6.65G    0.0635   0.04682         0    0.1103       192       640    0.8228    0.5934    0.6423    0.3226   0.05805   0.04159         0
  66/99998     6.65G   0.06339   0.04693         0    0.1103       141       640    0.8184    0.5955    0.6415    0.3224   0.05801   0.04165         0
  67/99998     6.65G   0.06343   0.04752         0    0.1109       111       640    0.8306     0.589    0.6416    0.3227   0.05798   0.04165         0
  68/99998     6.65G   0.06351   0.04645         0      0.11        77       640    0.8302    0.5897    0.6421    0.3232   0.05797   0.04163         0
  69/99998     6.65G   0.06363   0.04764         0    0.1113       189       640    0.8299    0.5912    0.6431    0.3238   0.05793   0.04161         0
  70/99998     6.65G   0.06273   0.04652         0    0.1092       321       640    0.8355    0.5892    0.6437    0.3238   0.05791   0.04158         0
  71/99998     6.65G    0.0633    0.0474         0    0.1107       192       640    0.8308    0.5924    0.6451    0.3246   0.05787   0.04157         0
  72/99998     6.65G   0.06337   0.04566         0     0.109        98       640    0.8371    0.5893     0.645    0.3247   0.05784   0.04157         0
  73/99998     6.65G    0.0634   0.04807         0    0.1115       115       640    0.8358     0.591    0.6455    0.3251   0.05781   0.04157         0
  74/99998     6.65G   0.06325   0.04716         0    0.1104       244       640    0.8314     0.593     0.645     0.325   0.05779   0.04153         0
  75/99998     6.65G   0.06323   0.04767         0    0.1109       224       640    0.8368    0.5909    0.6452    0.3254   0.05776   0.04151         0
