   0/99998     1.81G    0.1222   0.06456         0    0.1868       162       640  0.001726   0.04218 9.495e-05 1.623e-05     0.118   0.06304         0
   1/99998     6.65G    0.1122   0.06148         0    0.1737        95       640    0.1147    0.1059   0.03822  0.009252    0.1088    0.0695         0
   2/99998     6.65G   0.09626   0.05842         0    0.1547       128       640    0.2941     0.224    0.1334   0.03537   0.09493   0.05812         0
   3/99998     6.65G   0.08966    0.0562         0    0.1459       108       640    0.4733    0.2935     0.254   0.08619   0.08339   0.05271         0
   4/99998     6.65G   0.08425   0.05486         0    0.1391       182       640     0.548      0.32     0.314    0.1077   0.08181   0.05236         0
   5/99998     6.65G   0.08042   0.05356         0     0.134       174       640    0.6685    0.3783    0.4147    0.1644   0.07577    0.0485         0
   6/99998     6.65G   0.07692   0.05325         0    0.1302       230       640    0.7346    0.3835    0.4228    0.1707   0.07424   0.04699         0
   7/99998     6.65G   0.07514   0.05247         0    0.1276       157       640    0.6965    0.4157    0.4532    0.1935   0.07229   0.04829         0
   8/99998     6.65G   0.07401   0.05173         0    0.1257       110       640    0.7587    0.4365    0.4866    0.2178   0.07008   0.04652         0
   9/99998     6.65G    0.0724   0.05084         0    0.1232       180       640    0.7661    0.4539    0.5029    0.2229   0.06937   0.04613         0
  10/99998     6.65G   0.07224   0.05107         0    0.1233       107       640    0.7686     0.459    0.5107    0.2307   0.06804   0.04547         0
  11/99998     6.65G   0.07101    0.0507         0    0.1217       195       640    0.7824     0.444    0.4949     0.231   0.06922   0.04732         0
  12/99998     6.65G   0.07108   0.05108         0    0.1222       630       640    0.7862    0.4789    0.5353     0.246   0.06631   0.04562         0
  13/99998     6.65G   0.06991   0.04996         0    0.1199       123       640    0.8084    0.4837     0.544    0.2582   0.06524   0.04445         0
  14/99998     6.65G    0.0697   0.05038         0    0.1201       103       640    0.7907    0.5017    0.5501    0.2583   0.06493   0.04493         0
