   0/99998     4.73G     0.127   0.04512         0    0.1722       160       640    0.3465    0.2202    0.1556   0.03714    0.1118   0.03339         0
   1/99998     9.33G   0.09819   0.04168         0    0.1399       426       640    0.4338    0.3437    0.2921   0.08625   0.09067    0.0337         0
   2/99998     9.09G   0.08982   0.03992         0    0.1297       106       640    0.6059    0.3994    0.4072    0.1255   0.08814   0.03199         0
   3/99998     9.09G   0.08531   0.03909         0    0.1244       599       640    0.5931    0.4034    0.4172    0.1518   0.08255   0.03234         0
   4/99998     9.09G   0.08169    0.0394         0    0.1211       120       640    0.7114    0.4497    0.4906    0.1856   0.07644   0.03121         0
   5/99998     9.09G    0.0785   0.03884         0    0.1173       136       640    0.7237    0.4806     0.514    0.2133    0.0756   0.03155         0
   6/99998     9.09G    0.0768   0.03998         0    0.1168       322       640    0.7542     0.495    0.5385    0.2319   0.07382   0.03202         0
   7/99998     9.09G   0.07465   0.03923         0    0.1139       235       640    0.7599       0.5    0.5468    0.2346   0.07316    0.0316         0
   8/99998     9.09G   0.07254   0.03826         0    0.1108       163       640    0.8161    0.5174    0.5782    0.2588   0.06976   0.03086         0
   9/99998     9.09G   0.07093   0.03776         0    0.1087        97       640    0.8199    0.5118    0.5686    0.2652   0.07065   0.03226         0
  10/99998     9.09G   0.07018   0.03813         0    0.1083        62       640    0.8038    0.5484    0.6001    0.2821   0.06683   0.03042         0
  11/99998     9.09G    0.0697    0.0386         0    0.1083       388       640    0.8415    0.5513    0.6106    0.2949   0.06633   0.03046         0
  12/99998     9.09G   0.06851   0.03773         0    0.1062       123       640    0.8284    0.5553    0.6136    0.2826   0.06649   0.03032         0
  13/99998     9.09G   0.06776   0.03774         0    0.1055        94       640    0.8274    0.5774    0.6276    0.3063   0.06459   0.03041         0
  14/99998     9.09G   0.06787   0.03762         0    0.1055       214       640    0.8276    0.5803    0.6278    0.3034   0.06499   0.03113         0
  15/99998     9.09G   0.06776   0.03804         0    0.1058        70       640    0.8444    0.5828    0.6401    0.3169   0.06367   0.02999         0
  16/99998     9.09G   0.06694   0.03734         0    0.1043       186       640    0.8536    0.5843    0.6461    0.3179   0.06351   0.03015         0
  17/99998     9.09G   0.06645    0.0366         0     0.103       149       640     0.837     0.586     0.643     0.319   0.06315   0.02992         0
  18/99998     9.09G   0.06725   0.03751         0    0.1048       347       640    0.8508    0.5903    0.6464    0.3204   0.06344      0.03         0
  19/99998     9.09G   0.06631   0.03726         0    0.1036       159       640    0.8616    0.5914    0.6524     0.328   0.06228   0.02968         0
  20/99998     9.09G   0.06609   0.03655         0    0.1026        82       640    0.8442    0.5974    0.6534    0.3248   0.06275   0.02999         0
  21/99998     9.09G   0.06581   0.03725         0    0.1031       204       640    0.8584    0.5961    0.6563    0.3315   0.06219   0.02954         0
  22/99998     9.09G   0.06548   0.03674         0    0.1022        63       640    0.8504     0.605    0.6609    0.3328   0.06201   0.02982         0
  23/99998     9.09G   0.06566   0.03715         0    0.1028       170       640    0.8554    0.6038    0.6623    0.3319   0.06179   0.02955         0
  24/99998     9.09G   0.06542   0.03719         0    0.1026        87       640    0.8666    0.6006    0.6637    0.3318   0.06182   0.02959         0
  25/99998     9.09G   0.06496   0.03674         0    0.1017       113       640    0.8442    0.6096     0.661    0.3287   0.06193   0.02979         0
  26/99998     9.09G   0.06559   0.03705         0    0.1026       109       640    0.8554    0.6099    0.6657    0.3361   0.06161   0.02967         0
  27/99998     9.09G   0.06522   0.03666         0    0.1019       171       640    0.8629    0.5999    0.6601    0.3304   0.06168   0.02943         0
  28/99998     9.09G   0.06527   0.03751         0    0.1028       247       640    0.8491    0.6114    0.6646    0.3366   0.06145   0.02957         0
  29/99998     9.09G   0.06454   0.03648         0     0.101       138       640    0.8529    0.6153    0.6687    0.3408   0.06134    0.0294         0
  30/99998     9.09G   0.06506   0.03709         0    0.1022        78       640    0.8557    0.6135    0.6669    0.3384   0.06104   0.02929         0
  31/99998     9.09G   0.06429   0.03687         0    0.1012       567       640    0.8568    0.6144    0.6698    0.3404    0.0609   0.02948         0
  32/99998     9.09G   0.06408     0.037         0    0.1011       138       640    0.8663    0.6119    0.6722    0.3428   0.06089   0.02956         0
  33/99998     9.09G   0.06502   0.03662         0    0.1016        91       640    0.8534    0.6206    0.6756    0.3412   0.06081   0.02955         0
  34/99998     9.09G   0.06441   0.03683         0    0.1012       209       640    0.8508    0.6255     0.678    0.3467   0.06064   0.02955         0
  35/99998     9.09G   0.06419   0.03686         0    0.1011       442       640    0.8619    0.6161    0.6734    0.3409   0.06077   0.02944         0
  36/99998     9.09G   0.06482    0.0369         0    0.1017       260       640    0.8534    0.6249     0.677    0.3474   0.06032    0.0293         0
  37/99998     9.09G    0.0636   0.03652         0    0.1001       283       640    0.8567    0.6231    0.6787    0.3464   0.06037   0.02925         0
  38/99998     9.09G   0.06351   0.03609         0   0.09961       235       640    0.8582    0.6209     0.677    0.3447   0.06045   0.02943         0
  39/99998     9.09G   0.06397   0.03668         0    0.1006       227       640    0.8496    0.6324     0.683    0.3513   0.05999   0.02919         0
  40/99998     9.09G   0.06442   0.03655         0     0.101       130       640    0.8622    0.6243    0.6797    0.3492   0.06002    0.0292         0
  41/99998     9.09G   0.06425   0.03667         0    0.1009        93       640    0.8568    0.6306    0.6861     0.351   0.05999   0.02921         0
  42/99998     9.09G   0.06416   0.03711         0    0.1013       153       640    0.8638    0.6277    0.6835     0.352   0.05989    0.0293         0
  43/99998     9.09G   0.06439   0.03647         0    0.1009       219       640    0.8545    0.6316    0.6847    0.3529   0.05985   0.02929         0
  44/99998     9.09G   0.06387   0.03641         0    0.1003       175       640    0.8699    0.6219    0.6829    0.3504   0.05983    0.0292         0
  45/99998     9.09G   0.06402   0.03638         0    0.1004       215       640    0.8554    0.6312     0.684    0.3506   0.05979   0.02921         0
  46/99998     9.09G   0.06315   0.03585         0     0.099        73       640    0.8632     0.629    0.6876    0.3537   0.05964   0.02918         0
  47/99998     9.09G   0.06364   0.03645         0    0.1001        92       640    0.8701    0.6262    0.6868    0.3552   0.05958   0.02914         0
  48/99998     9.09G    0.0646   0.03745         0    0.1021       293       640    0.8536    0.6308    0.6864    0.3541   0.05969    0.0293         0
  49/99998     9.09G   0.06385   0.03622         0    0.1001       364       640    0.8561    0.6374    0.6899    0.3564   0.05946   0.02915         0
  50/99998     9.09G   0.06395   0.03731         0    0.1013       138       640    0.8724     0.628    0.6906    0.3565   0.05944   0.02906         0
  51/99998     9.09G   0.06314    0.0357         0   0.09884       220       640    0.8642    0.6344    0.6909    0.3576   0.05934   0.02908         0
  52/99998     9.09G   0.06283   0.03621         0   0.09904        88       640    0.8589    0.6372    0.6906    0.3583   0.05927   0.02911         0
  53/99998     9.09G   0.06413   0.03577         0    0.0999       117       640    0.8557    0.6395      0.69    0.3583   0.05927   0.02902         0
  54/99998     9.09G   0.06305   0.03587         0   0.09892        39       640    0.8581     0.642    0.6952    0.3612   0.05908   0.02896         0
  55/99998     9.09G   0.06297    0.0365         0   0.09947       109       640    0.8561    0.6406    0.6948    0.3606   0.05911   0.02907         0
  56/99998     9.09G   0.06313   0.03602         0   0.09915       194       640    0.8633    0.6372    0.6927    0.3602   0.05914   0.02907         0
  57/99998     9.09G   0.06345   0.03637         0   0.09982       177       640    0.8587    0.6436    0.6977    0.3627   0.05897   0.02902         0
  58/99998     9.09G   0.06324   0.03645         0   0.09969       336       640    0.8661    0.6368    0.6953    0.3592   0.05907   0.02905         0
  59/99998     9.09G   0.06386   0.03638         0    0.1002       147       640    0.8667    0.6389    0.6966    0.3612   0.05892   0.02898         0
  60/99998     9.09G    0.0633   0.03635         0   0.09966       117       640    0.8546    0.6429    0.6959    0.3626   0.05887   0.02924         0
  61/99998     9.09G   0.06395   0.03654         0    0.1005       239       640    0.8589    0.6431    0.6974     0.362   0.05883   0.02908         0
  62/99998     9.09G   0.06311   0.03639         0    0.0995       486       640     0.872    0.6353    0.6963    0.3636    0.0588   0.02897         0
  63/99998     9.09G   0.06326   0.03626         0   0.09951       263       640    0.8596    0.6425    0.6971    0.3634   0.05881     0.029         0
  64/99998     9.09G   0.06266   0.03603         0   0.09869       159       640    0.8558    0.6438    0.6968    0.3634   0.05876   0.02896         0
  65/99998     9.09G   0.06327   0.03641         0   0.09968       161       640    0.8685    0.6418    0.6995    0.3653   0.05866     0.029         0
  66/99998     9.09G   0.06278   0.03609         0   0.09887       124       640    0.8534    0.6502    0.6998     0.366   0.05855   0.02892         0
  67/99998     9.09G   0.06378   0.03658         0    0.1004       172       640    0.8639    0.6441    0.6992    0.3652   0.05861    0.0291         0
  68/99998     9.09G   0.06307   0.03595         0   0.09902       165       640    0.8553    0.6496    0.7001    0.3657   0.05854   0.02896         0
  69/99998     9.09G   0.06315   0.03663         0   0.09979       188       640    0.8519    0.6518    0.7003    0.3657    0.0585   0.02898         0
  70/99998     9.09G   0.06298   0.03647         0   0.09945       212       640    0.8709    0.6438    0.7018    0.3663   0.05844   0.02891         0
  71/99998     9.09G    0.0623   0.03623         0   0.09853       181       640      0.86    0.6502    0.7018     0.367   0.05843   0.02894         0
  72/99998     9.09G   0.06349   0.03668         0    0.1002       132       640    0.8641    0.6516     0.705    0.3688   0.05831   0.02888         0
  73/99998     9.09G   0.06269   0.03619         0   0.09887       108       640    0.8777     0.645     0.704     0.368   0.05829   0.02887         0
  74/99998     9.09G   0.06267   0.03628         0   0.09894       117       640    0.8594    0.6549    0.7046    0.3685   0.05827   0.02885         0
  75/99998     9.09G   0.06303   0.03646         0   0.09949       262       640    0.8549     0.656    0.7039    0.3689   0.05826   0.02887         0
  76/99998     9.09G     0.063   0.03634         0   0.09933        90       640    0.8594    0.6526     0.704    0.3697   0.05824   0.02889         0
  77/99998     9.09G   0.06237   0.03597         0   0.09834       206       640    0.8592    0.6532    0.7044    0.3689   0.05823   0.02894         0
  78/99998     9.09G   0.06308   0.03653         0   0.09961       145       640    0.8538    0.6577    0.7053      0.37   0.05816   0.02893         0
  79/99998     9.09G    0.0625   0.03597         0   0.09847       248       640    0.8714    0.6477    0.7056    0.3706   0.05813   0.02887         0
  80/99998     9.09G   0.06312    0.0368         0   0.09992       392       640    0.8641    0.6474    0.7025    0.3674    0.0584   0.02894         0
  81/99998     9.09G   0.06267   0.03632         0   0.09899       176       640    0.8577    0.6497    0.7013    0.3665   0.05833     0.029         0
  82/99998     9.09G   0.06355   0.03646         0       0.1       222       640    0.8718     0.643    0.7016    0.3668   0.05828   0.02893         0
  83/99998     9.09G   0.06261   0.03661         0   0.09922       219       640    0.8734    0.6428    0.7026     0.368   0.05821   0.02893         0
  84/99998     9.09G   0.06263   0.03605         0   0.09867       131       640    0.8659    0.6481    0.7031    0.3679   0.05818   0.02891         0
  85/99998     9.09G   0.06174   0.03618         0   0.09792        75       640    0.8634    0.6493    0.7054    0.3691    0.0581   0.02891         0
  86/99998     9.09G    0.0629    0.0371         0       0.1       368       640     0.864    0.6465    0.7036    0.3688   0.05812   0.02908         0
  87/99998     9.09G   0.06223   0.03585         0   0.09808       192       640    0.8557    0.6529    0.7043    0.3689   0.05809   0.02903         0
  88/99998     9.09G   0.06223    0.0361         0   0.09834       134       640    0.8525    0.6548     0.705    0.3701   0.05802   0.02898         0
  89/99998     9.09G   0.06197    0.0362         0   0.09817       225       640    0.8684    0.6487    0.7064    0.3711   0.05797   0.02892         0
  90/99998     9.09G   0.06332   0.03671         0       0.1        86       640    0.8682    0.6508    0.7082     0.372   0.05795   0.02892         0
  91/99998     9.09G   0.06259   0.03567         0   0.09826        44       640    0.8702     0.651    0.7094    0.3723   0.05792   0.02888         0
  92/99998     9.09G    0.0626   0.03665         0   0.09925       197       640    0.8733    0.6502    0.7093    0.3726   0.05787   0.02888         0
  93/99998     9.09G   0.06211   0.03611         0   0.09822       148       640    0.8644    0.6553    0.7097    0.3729   0.05785   0.02886         0
  94/99998     9.09G    0.0619   0.03611         0     0.098        67       640    0.8664    0.6558    0.7107    0.3731   0.05783   0.02885         0
  95/99998     9.09G   0.06247   0.03639         0   0.09886       181       640    0.8548    0.6617    0.7101    0.3731   0.05782   0.02885         0
  96/99998     9.09G   0.06185   0.03547         0   0.09732        87       640    0.8717    0.6526    0.7105    0.3733   0.05777   0.02885         0
  97/99998     9.09G   0.06174   0.03566         0    0.0974       322       640    0.8754    0.6515    0.7111    0.3737   0.05774   0.02883         0
  98/99998     9.09G   0.06238    0.0359         0   0.09828       342       640    0.8784    0.6499    0.7111    0.3737   0.05773   0.02883         0
  99/99998     9.09G   0.06201   0.03633         0   0.09834       129       640    0.8768    0.6521     0.712     0.374    0.0577   0.02882         0
 100/99998     9.09G   0.06273   0.03586         0   0.09858       114       640    0.8742    0.6534    0.7124    0.3745   0.05766   0.02881         0
 101/99998     9.09G   0.06224   0.03601         0   0.09825       202       640    0.8706    0.6554    0.7122    0.3748   0.05764   0.02882         0
 102/99998     9.09G   0.06232   0.03578         0    0.0981        66       640    0.8686    0.6567    0.7127    0.3748   0.05764   0.02882         0
 103/99998     9.09G   0.06165   0.03571         0   0.09736       279       640    0.8694    0.6556    0.7121    0.3747   0.05763   0.02882         0
 104/99998     9.09G   0.06252   0.03589         0   0.09841       179       640    0.8644     0.659    0.7127    0.3749   0.05761   0.02881         0
 105/99998     9.09G   0.06257   0.03625         0   0.09882        66       640    0.8607    0.6612    0.7123    0.3753    0.0576   0.02881         0
 106/99998     9.09G   0.06227   0.03662         0   0.09888       221       640    0.8658    0.6584    0.7123    0.3754   0.05758   0.02881         0
 107/99998     9.09G   0.06231   0.03654         0   0.09886       221       640    0.8634    0.6605    0.7125    0.3756   0.05757   0.02881         0
 108/99998     9.09G   0.06186    0.0362         0   0.09806       111       640    0.8632    0.6617    0.7128    0.3761   0.05756   0.02881         0
 109/99998     9.09G   0.06246   0.03575         0   0.09821       520       640    0.8609    0.6635    0.7129     0.376   0.05756   0.02881         0
 110/99998     9.09G   0.06227   0.03553         0    0.0978        97       640    0.8591    0.6636     0.713    0.3756   0.05756   0.02883         0
 111/99998     9.09G   0.06215   0.03631         0   0.09846       144       640    0.8596    0.6636    0.7132    0.3759   0.05755   0.02884         0
 112/99998     9.09G   0.06304   0.03673         0   0.09977       281       640    0.8718    0.6554    0.7126    0.3756   0.05755   0.02889         0
 113/99998     9.09G   0.06204   0.03578         0   0.09781       375       640    0.8589    0.6632     0.713    0.3758   0.05754   0.02891         0
 114/99998     9.09G   0.06246   0.03681         0   0.09927       403       640    0.8585     0.664    0.7133    0.3759   0.05753   0.02891         0
 115/99998     9.09G   0.06236   0.03665         0   0.09901       141       640    0.8547    0.6659    0.7131    0.3758   0.05752    0.0289         0
 116/99998     9.09G   0.06184   0.03606         0    0.0979       239       640    0.8639    0.6604    0.7127    0.3759   0.05751   0.02888         0
 117/99998     9.09G   0.06207   0.03644         0   0.09851       181       640    0.8559    0.6654    0.7128    0.3761   0.05749   0.02889         0
 118/99998     9.09G   0.06159   0.03575         0   0.09734       132       640    0.8637    0.6609    0.7129    0.3762   0.05749   0.02891         0
 119/99998     9.09G   0.06167   0.03543         0    0.0971       161       640    0.8613    0.6625    0.7129    0.3763   0.05748    0.0289         0
 120/99998     9.09G    0.0616   0.03573         0   0.09733       213       640    0.8655      0.66    0.7131    0.3764   0.05747    0.0289         0
 121/99998     9.09G   0.06176   0.03579         0   0.09754       297       640     0.857    0.6653    0.7134    0.3765   0.05746   0.02889         0
 122/99998     9.09G   0.06221   0.03636         0   0.09857       187       640    0.8597    0.6641    0.7134    0.3764   0.05745   0.02889         0
 123/99998     9.09G   0.06171   0.03613         0   0.09785       575       640    0.8611    0.6633    0.7133    0.3764   0.05744   0.02888         0
 124/99998     9.09G    0.0624   0.03655         0   0.09895       510       640     0.861    0.6636    0.7133    0.3763   0.05743   0.02888         0
 125/99998     9.09G   0.06167   0.03531         0   0.09698       171       640    0.8611    0.6635    0.7134    0.3765   0.05742   0.02887         0
 126/99998     9.09G   0.06167   0.03559         0   0.09726       112       640     0.861    0.6637    0.7135    0.3764   0.05742   0.02887         0
 127/99998     9.09G    0.0623   0.03642         0   0.09872       100       640    0.8678      0.66    0.7135    0.3763   0.05741   0.02887         0
 128/99998     9.09G    0.0613   0.03551         0   0.09681       105       640    0.8696     0.659    0.7137    0.3764   0.05741   0.02888         0
 129/99998     9.09G   0.06194   0.03632         0   0.09826       302       640    0.8613    0.6632    0.7139    0.3766    0.0574   0.02889         0
 130/99998     9.09G   0.06185   0.03673         0   0.09858       100       640    0.8641    0.6619    0.7137    0.3764   0.05739   0.02888         0
 131/99998     9.09G   0.06161   0.03604         0   0.09765       155       640    0.8639    0.6621     0.714    0.3766   0.05739   0.02888         0
 132/99998     9.09G   0.06174   0.03507         0   0.09681       182       640    0.8642    0.6619    0.7141    0.3767   0.05738   0.02888         0
 133/99998     9.09G    0.0614   0.03579         0   0.09719       128       640    0.8648    0.6623    0.7143    0.3768   0.05737   0.02888         0
 134/99998     9.09G   0.06148   0.03601         0   0.09749        84       640     0.864    0.6627    0.7143    0.3769   0.05737   0.02887         0
 135/99998     9.09G    0.0619   0.03559         0   0.09749       129       640    0.8651    0.6623    0.7143    0.3769   0.05737   0.02887         0
 136/99998     9.09G   0.06126   0.03552         0   0.09678       110       640    0.8559    0.6678    0.7143    0.3769   0.05736   0.02886         0
 137/99998     9.09G   0.06237    0.0366         0   0.09897       204       640    0.8709    0.6592    0.7145     0.377   0.05736   0.02886         0
 138/99998     9.09G     0.061   0.03598         0   0.09699        83       640     0.861    0.6648     0.714     0.377   0.05736   0.02886         0
 139/99998     9.09G   0.06186   0.03586         0   0.09772       215       640    0.8586    0.6661    0.7141    0.3768   0.05736   0.02887         0
 140/99998     9.09G   0.06213   0.03643         0   0.09855        51       640    0.8699    0.6592    0.7138    0.3769   0.05736   0.02887         0
 141/99998     9.09G   0.06215   0.03647         0   0.09862       221       640    0.8562    0.6671     0.714    0.3771   0.05735   0.02887         0
 142/99998     9.09G   0.06161   0.03562         0   0.09723       154       640    0.8705    0.6584    0.7139    0.3769   0.05735   0.02887         0
 143/99998     9.09G   0.06035   0.03478         0   0.09513       129       640    0.8697     0.659    0.7139    0.3772   0.05735   0.02886         0
 144/99998     9.09G   0.06152   0.03585         0   0.09738       233       640    0.8579    0.6658    0.7139     0.377   0.05734   0.02885         0
 145/99998     9.09G   0.06119   0.03579         0   0.09698       179       640    0.8563    0.6671    0.7141    0.3773   0.05734   0.02885         0
 146/99998     9.09G   0.06219    0.0361         0   0.09829        86       640    0.8572    0.6666    0.7142    0.3772   0.05733   0.02885         0
 147/99998     9.09G   0.06208   0.03607         0   0.09815       225       640    0.8573    0.6665    0.7143    0.3776   0.05733   0.02884         0
 148/99998     9.09G   0.06203   0.03541         0   0.09744       156       640    0.8575    0.6662    0.7143    0.3776   0.05733   0.02884         0
 149/99998     9.09G   0.06169   0.03613         0   0.09783       229       640    0.8586     0.666    0.7145    0.3776   0.05732   0.02884         0
 150/99998     9.09G    0.0611   0.03554         0   0.09664       114       640    0.8597    0.6656    0.7146    0.3778   0.05732   0.02883         0
 151/99998     9.09G   0.06195   0.03607         0   0.09802       264       640    0.8605    0.6654    0.7146    0.3778   0.05731   0.02884         0
 152/99998     9.09G   0.06152    0.0359         0   0.09742       106       640    0.8618    0.6645    0.7144    0.3777   0.05731   0.02884         0
 153/99998     9.09G   0.06093   0.03568         0   0.09661        93       640    0.8609     0.665    0.7144     0.378    0.0573   0.02884         0
 154/99998     9.09G   0.06138   0.03615         0   0.09753       471       640    0.8581    0.6669    0.7146    0.3781    0.0573   0.02884         0
 155/99998     9.09G   0.06114   0.03569         0   0.09682       125       640    0.8601    0.6658    0.7148     0.378   0.05729   0.02884         0
 156/99998     9.09G   0.06126   0.03591         0   0.09717       384       640    0.8606    0.6654    0.7148    0.3779   0.05729   0.02884         0
 157/99998     9.09G   0.06111   0.03526         0   0.09637        89       640    0.8627    0.6641     0.715    0.3781   0.05729   0.02884         0
 158/99998     9.09G   0.06151    0.0363         0   0.09781       146       640    0.8595    0.6658    0.7149     0.378   0.05728   0.02884         0
 159/99998     9.09G    0.0616   0.03585         0   0.09745       111       640    0.8625    0.6643    0.7149    0.3781   0.05728   0.02885         0
 160/99998     9.09G   0.06216   0.03659         0   0.09875       259       640    0.8644    0.6633    0.7149    0.3781   0.05727   0.02885         0
 161/99998     9.09G   0.06118   0.03568         0   0.09686       169       640    0.8606    0.6657    0.7149    0.3781   0.05727   0.02885         0
 162/99998     9.09G    0.0618   0.03598         0   0.09778       218       640    0.8642    0.6639    0.7151    0.3781   0.05727   0.02885         0
 163/99998     9.09G   0.06112   0.03557         0   0.09669       122       640    0.8595    0.6648    0.7141     0.378    0.0573   0.02884         0
 164/99998     9.09G   0.06082   0.03526         0   0.09608       149       640    0.8549     0.667    0.7136    0.3778   0.05731   0.02884         0
 165/99998     9.09G   0.06202   0.03612         0   0.09814       119       640    0.8546    0.6672    0.7133    0.3775   0.05732   0.02885         0
 166/99998     9.09G    0.0613   0.03536         0   0.09666       154       640    0.8545     0.667    0.7132    0.3774   0.05732   0.02886         0
 167/99998     9.09G    0.0613   0.03535         0   0.09665       296       640    0.8547    0.6666    0.7129    0.3771   0.05732   0.02886         0
 168/99998     9.09G   0.06152   0.03571         0   0.09723       124       640    0.8545    0.6666    0.7127    0.3771   0.05733   0.02887         0
 169/99998     9.09G   0.06146    0.0358         0   0.09726       138       640     0.855    0.6663    0.7124     0.377   0.05733   0.02887         0
 170/99998     9.09G   0.06182   0.03569         0   0.09751        84       640    0.8546    0.6662    0.7124    0.3771   0.05732   0.02887         0
 171/99998     9.09G   0.06134   0.03599         0   0.09734        77       640    0.8557    0.6655    0.7124    0.3771   0.05732   0.02887         0
 172/99998     9.09G   0.06103   0.03492         0   0.09595       102       640    0.8533    0.6674    0.7126    0.3772   0.05732   0.02887         0
 173/99998     9.09G   0.06162   0.03547         0   0.09709       157       640     0.856    0.6657    0.7128    0.3771   0.05732   0.02887         0
 174/99998     9.09G   0.06205   0.03537         0   0.09742       112       640    0.8547    0.6664    0.7125    0.3772   0.05732   0.02886         0
 175/99998     9.09G   0.06108   0.03575         0   0.09683        93       640    0.8537    0.6669    0.7127    0.3771   0.05732   0.02887         0
